144 2222333
1 2 3 4 5 6 7 8 9 10 11 12 13 14 15 16 17 18 19 20 21 22 23 24 25 26 27 28 29 30 31 32 33 34 35 36 37 38 39 40 41 42 43 44 45 46 47 48 49 50 51 52 53 54 55 56 57 58 59 60 61 62 63 64 65 66 67 68 69 70 71 72 73 74 75 76 77 78 79 80 81 82 83 84 85 86 87 88 89 90 91 92 93 94 95 96 97 98 99 100 101 102 103 104 105 106 107 108 109 110 111 112 113 114 115 116 117 118 119 120 121 122 123 124 125 126 127 128 129 130 131 132 133 134 135 136 137 138 139 140 141 142 143 144 
2 1 9 10 11 12 13 14 3 4 5 6 7 8 33 34 35 36 37 38 39 40 41 42 43 44 45 46 47 48 49 50 15 16 17 18 19 20 21 22 23 24 25 26 27 28 29 30 31 32 86 87 88 89 90 91 92 93 94 95 96 97 98 99 100 101 102 103 104 105 106 107 108 109 110 111 112 113 114 115 116 117 118 119 120 51 52 53 54 55 56 57 58 59 60 61 62 63 64 65 66 67 68 69 70 71 72 73 74 75 76 77 78 79 80 81 82 83 84 85 169 170 171 172 173 174 175 176 177 178 179 180 181 182 183 184 185 186 187 188 189 190 191 192 
3 9 1 15 16 17 18 19 2 33 34 35 36 37 4 5 6 7 8 51 52 53 54 55 56 57 58 59 60 61 62 63 10 11 12 13 14 86 87 88 89 90 91 92 93 94 95 96 97 98 20 21 22 23 24 25 26 27 28 29 30 31 32 121 122 123 124 125 126 127 128 129 130 131 132 133 134 135 136 137 138 139 140 141 142 38 39 40 41 42 43 44 45 46 47 48 49 50 169 170 171 172 173 174 175 176 177 178 179 180 181 182 183 184 185 186 187 188 189 190 64 65 66 67 68 69 70 71 72 73 74 75 76 77 78 79 80 81 82 83 84 85 217 218 
4 10 15 1 20 21 22 23 33 2 38 39 40 41 3 51 52 53 54 5 6 7 8 64 65 66 67 68 69 70 71 72 9 86 87 88 89 11 12 13 14 99 100 101 102 103 104 105 106 107 16 17 18 19 121 122 123 124 125 126 127 128 129 24 25 26 27 28 29 30 31 32 143 144 145 146 147 148 149 150 151 152 153 154 155 34 35 36 37 169 170 171 172 173 174 175 176 177 42 43 44 45 46 47 48 49 50 191 192 193 194 195 196 197 198 199 200 201 202 203 55 56 57 58 59 60 61 62 63 217 218 219 220 221 222 223 224 225 226 227 228 229 73 74 
5 11 16 20 1 24 25 26 34 38 2 42 43 44 51 3 55 56 57 4 64 65 66 6 7 8 73 74 75 76 77 78 86 9 90 91 92 10 99 100 101 12 13 14 108 109 110 111 112 113 15 121 122 123 17 18 19 130 131 132 133 134 135 21 22 23 143 144 145 146 147 148 27 28 29 30 31 32 156 157 158 159 160 161 162 33 169 170 171 35 36 37 178 179 180 181 182 183 39 40 41 191 192 193 194 195 196 45 46 47 48 49 50 204 205 206 207 208 209 210 52 53 54 217 218 219 220 221 222 58 59 60 61 62 63 230 231 232 233 234 235 236 67 68 
6 12 17 21 24 27 28 29 35 39 42 45 46 47 52 55 58 59 60 64 67 68 69 73 74 75 1 79 80 81 82 83 87 90 93 94 95 99 102 103 104 108 109 110 2 114 115 116 117 118 121 124 125 126 130 131 132 3 136 137 138 139 140 143 144 145 4 149 150 151 152 153 5 156 157 158 159 160 7 8 163 164 165 166 167 169 172 173 174 178 179 180 9 184 185 186 187 188 191 192 193 10 197 198 199 200 201 11 204 205 206 207 208 13 14 211 212 213 214 215 217 218 219 15 223 224 225 226 227 16 230 231 232 233 234 18 19 237 238 239 240 241 20 243 
7 13 18 22 25 28 30 31 36 40 43 46 48 49 53 56 59 61 62 65 68 70 71 74 76 77 79 81 82 1 84 85 88 91 94 96 97 100 103 105 106 109 111 112 114 116 117 2 119 120 122 125 127 128 131 133 134 136 138 139 3 141 142 144 146 147 149 151 152 4 154 155 156 158 159 5 161 162 163 164 6 166 167 8 168 170 173 175 176 179 181 182 184 186 187 9 189 190 192 194 195 197 199 200 10 202 203 204 206 207 11 209 210 211 212 12 214 215 14 216 218 220 221 223 225 226 15 228 229 230 232 233 16 235 236 237 238 17 240 241 19 242 243 245 
8 14 19 23 26 29 31 32 37 41 44 47 49 50 54 57 60 62 63 66 69 71 72 75 77 78 80 82 83 84 85 1 89 92 95 97 98 101 104 106 107 110 112 113 115 117 118 119 120 2 123 126 128 129 132 134 135 137 139 140 141 142 3 145 147 148 150 152 153 154 155 4 157 159 160 161 162 5 164 165 166 167 6 168 7 171 174 176 177 180 182 183 185 187 188 189 190 9 193 195 196 198 200 201 202 203 10 205 207 208 209 210 11 212 213 214 215 12 216 13 219 221 222 224 226 227 228 229 15 231 233 234 235 236 16 238 239 240 241 17 242 18 244 246 
9 3 2 33 34 35 36 37 1 15 16 17 18 19 10 11 12 13 14 86 87 88 89 90 91 92 93 94 95 96 97 98 4 5 6 7 8 51 52 53 54 55 56 57 58 59 60 61 62 63 38 39 40 41 42 43 44 45 46 47 48 49 50 169 170 171 172 173 174 175 176 177 178 179 180 181 182 183 184 185 186 187 188 189 190 20 21 22 23 24 25 26 27 28 29 30 31 32 121 122 123 124 125 126 127 128 129 130 131 132 133 134 135 136 137 138 139 140 141 142 99 100 101 102 103 104 105 106 107 108 109 110 111 112 113 114 115 116 117 118 119 120 265 266 
10 4 33 2 38 39 40 41 15 1 20 21 22 23 9 86 87 88 89 11 12 13 14 99 100 101 102 103 104 105 106 107 3 51 52 53 54 5 6 7 8 64 65 66 67 68 69 70 71 72 34 35 36 37 169 170 171 172 173 174 175 176 177 42 43 44 45 46 47 48 49 50 191 192 193 194 195 196 197 198 199 200 201 202 203 16 17 18 19 121 122 123 124 125 126 127 128 129 24 25 26 27 28 29 30 31 32 143 144 145 146 147 148 149 150 151 152 153 154 155 90 91 92 93 94 95 96 97 98 265 266 267 268 269 270 271 272 273 274 275 276 277 108 109 
11 5 34 38 2 42 43 44 16 20 1 24 25 26 86 9 90 91 92 10 99 100 101 12 13 14 108 109 110 111 112 113 51 3 55 56 57 4 64 65 66 6 7 8 73 74 75 76 77 78 33 169 170 171 35 36 37 178 179 180 181 182 183 39 40 41 191 192 193 194 195 196 45 46 47 48 49 50 204 205 206 207 208 209 210 15 121 122 123 17 18 19 130 131 132 133 134 135 21 22 23 143 144 145 146 147 148 27 28 29 30 31 32 156 157 158 159 160 161 162 87 88 89 265 266 267 268 269 270 93 94 95 96 97 98 278 279 280 281 282 283 284 102 103 
12 6 35 39 42 45 46 47 17 21 24 27 28 29 87 90 93 94 95 99 102 103 104 108 109 110 2 114 115 116 117 118 52 55 58 59 60 64 67 68 69 73 74 75 1 79 80 81 82 83 169 172 173 174 178 179 180 9 184 185 186 187 188 191 192 193 10 197 198 199 200 201 11 204 205 206 207 208 13 14 211 212 213 214 215 121 124 125 126 130 131 132 3 136 137 138 139 140 143 144 145 4 149 150 151 152 153 5 156 157 158 159 160 7 8 163 164 165 166 167 265 266 267 33 271 272 273 274 275 34 278 279 280 281 282 36 37 285 286 287 288 289 38 291 
13 7 36 40 43 46 48 49 18 22 25 28 30 31 88 91 94 96 97 100 103 105 106 109 111 112 114 116 117 2 119 120 53 56 59 61 62 65 68 70 71 74 76 77 79 81 82 1 84 85 170 173 175 176 179 181 182 184 186 187 9 189 190 192 194 195 197 199 200 10 202 203 204 206 207 11 209 210 211 212 12 214 215 14 216 122 125 127 128 131 133 134 136 138 139 3 141 142 144 146 147 149 151 152 4 154 155 156 158 159 5 161 162 163 164 6 166 167 8 168 266 268 269 271 273 274 33 276 277 278 280 281 34 283 284 285 286 35 288 289 37 290 291 293 
14 8 37 41 44 47 49 50 19 23 26 29 31 32 89 92 95 97 98 101 104 106 107 110 112 113 115 117 118 119 120 2 54 57 60 62 63 66 69 71 72 75 77 78 80 82 83 84 85 1 171 174 176 177 180 182 183 185 187 188 189 190 9 193 195 196 198 200 201 202 203 10 205 207 208 209 210 11 212 213 214 215 12 216 13 123 126 128 129 132 134 135 137 139 140 141 142 3 145 147 148 150 152 153 154 155 4 157 159 160 161 162 5 164 165 166 167 6 168 7 267 269 270 272 274 275 276 277 33 279 281 282 283 284 34 286 287 288 289 35 290 36 292 294 
15 33 4 3 51 52 53 54 10 9 86 87 88 89 1 20 21 22 23 16 17 18 19 121 122 123 124 125 126 127 128 129 2 38 39 40 41 34 35 36 37 169 170 171 172 173 174 175 176 177 5 6 7 8 64 65 66 67 68 69 70 71 72 55 56 57 58 59 60 61 62 63 217 218 219 220 221 222 223 224 225 226 227 228 229 11 12 13 14 99 100 101 102 103 104 105 106 107 90 91 92 93 94 95 96 97 98 265 266 267 268 269 270 271 272 273 274 275 276 277 24 25 26 27 28 29 30 31 32 143 144 145 146 147 148 149 150 151 152 153 154 155 130 131 
16 34 5 51 3 55 56 57 11 86 9 90 91 92 20 1 24 25 26 15 121 122 123 17 18 19 130 131 132 133 134 135 38 2 42 43 44 33 169 170 171 35 36 37 178 179 180 181 182 183 4 64 65 66 6 7 8 73 74 75 76 77 78 52 53 54 217 218 219 220 221 222 58 59 60 61 62 63 230 231 232 233 234 235 236 10 99 100 101 12 13 14 108 109 110 111 112 113 87 88 89 265 266 267 268 269 270 93 94 95 96 97 98 278 279 280 281 282 283 284 21 22 23 143 144 145 146 147 148 27 28 29 30 31 32 156 157 158 159 160 161 162 124 125 
17 35 6 52 55 58 59 60 12 87 90 93 94 95 21 24 27 28 29 121 124 125 126 130 131 132 3 136 137 138 139 140 39 42 45 46 47 169 172 173 174 178 179 180 9 184 185 186 187 188 64 67 68 69 73 74 75 1 79 80 81 82 83 217 218 219 15 223 224 225 226 227 16 230 231 232 233 234 18 19 237 238 239 240 241 99 102 103 104 108 109 110 2 114 115 116 117 118 265 266 267 33 271 272 273 274 275 34 278 279 280 281 282 36 37 285 286 287 288 289 143 144 145 4 149 150 151 152 153 5 156 157 158 159 160 7 8 163 164 165 166 167 51 313 
18 36 7 53 56 59 61 62 13 88 91 94 96 97 22 25 28 30 31 122 125 127 128 131 133 134 136 138 139 3 141 142 40 43 46 48 49 170 173 175 176 179 181 182 184 186 187 9 189 190 65 68 70 71 74 76 77 79 81 82 1 84 85 218 220 221 223 225 226 15 228 229 230 232 233 16 235 236 237 238 17 240 241 19 242 100 103 105 106 109 111 112 114 116 117 2 119 120 266 268 269 271 273 274 33 276 277 278 280 281 34 283 284 285 286 35 288 289 37 290 144 146 147 149 151 152 4 154 155 156 158 159 5 161 162 163 164 6 166 167 8 168 313 315 
19 37 8 54 57 60 62 63 14 89 92 95 97 98 23 26 29 31 32 123 126 128 129 132 134 135 137 139 140 141 142 3 41 44 47 49 50 171 174 176 177 180 182 183 185 187 188 189 190 9 66 69 71 72 75 77 78 80 82 83 84 85 1 219 221 222 224 226 227 228 229 15 231 233 234 235 236 16 238 239 240 241 17 242 18 101 104 106 107 110 112 113 115 117 118 119 120 2 267 269 270 272 274 275 276 277 33 279 281 282 283 284 34 286 287 288 289 35 290 36 145 147 148 150 152 153 154 155 4 157 159 160 161 162 5 164 165 166 167 6 168 7 314 316 
20 38 51 5 4 64 65 66 86 11 10 99 100 101 16 15 121 122 123 1 24 25 26 21 22 23 143 144 145 146 147 148 34 33 169 170 171 2 42 43 44 39 40 41 191 192 193 194 195 196 3 55 56 57 52 53 54 217 218 219 220 221 222 6 7 8 73 74 75 76 77 78 67 68 69 70 71 72 243 244 245 246 247 248 249 9 90 91 92 87 88 89 265 266 267 268 269 270 12 13 14 108 109 110 111 112 113 102 103 104 105 106 107 291 292 293 294 295 296 297 17 18 19 130 131 132 133 134 135 124 125 126 127 128 129 313 314 315 316 317 318 319 27 28 
21 39 52 6 64 67 68 69 87 12 99 102 103 104 17 121 124 125 126 24 27 28 29 143 144 145 4 149 150 151 152 153 35 169 172 173 174 42 45 46 47 191 192 193 10 197 198 199 200 201 55 58 59 60 217 218 219 15 223 224 225 226 227 73 74 75 1 79 80 81 82 83 20 243 244 245 246 247 22 23 250 251 252 253 254 90 93 94 95 265 266 267 33 271 272 273 274 275 108 109 110 2 114 115 116 117 118 38 291 292 293 294 295 40 41 298 299 300 301 302 130 131 132 3 136 137 138 139 140 51 313 314 315 316 317 53 54 320 321 322 323 324 5 156 
22 40 53 7 65 68 70 71 88 13 100 103 105 106 18 122 125 127 128 25 28 30 31 144 146 147 149 151 152 4 154 155 36 170 173 175 176 43 46 48 49 192 194 195 197 199 200 10 202 203 56 59 61 62 218 220 221 223 225 226 15 228 229 74 76 77 79 81 82 1 84 85 243 245 246 20 248 249 250 251 21 253 254 23 255 91 94 96 97 266 268 269 271 273 274 33 276 277 109 111 112 114 116 117 2 119 120 291 293 294 38 296 297 298 299 39 301 302 41 303 131 133 134 136 138 139 3 141 142 313 315 316 51 318 319 320 321 52 323 324 54 325 156 158 
23 41 54 8 66 69 71 72 89 14 101 104 106 107 19 123 126 128 129 26 29 31 32 145 147 148 150 152 153 154 155 4 37 171 174 176 177 44 47 49 50 193 195 196 198 200 201 202 203 10 57 60 62 63 219 221 222 224 226 227 228 229 15 75 77 78 80 82 83 84 85 1 244 246 247 248 249 20 251 252 253 254 21 255 22 92 95 97 98 267 269 270 272 274 275 276 277 33 110 112 113 115 117 118 119 120 2 292 294 295 296 297 38 299 300 301 302 39 303 40 132 134 135 137 139 140 141 142 3 314 316 317 318 319 51 321 322 323 324 52 325 53 157 159 
24 42 55 64 6 73 74 75 90 99 12 108 109 110 121 17 130 131 132 21 143 144 145 27 28 29 5 156 157 158 159 160 169 35 178 179 180 39 191 192 193 45 46 47 11 204 205 206 207 208 52 217 218 219 58 59 60 16 230 231 232 233 234 67 68 69 20 243 244 245 246 247 1 79 80 81 82 83 25 26 256 257 258 259 260 87 265 266 267 93 94 95 34 278 279 280 281 282 102 103 104 38 291 292 293 294 295 2 114 115 116 117 118 43 44 304 305 306 307 308 124 125 126 51 313 314 315 316 317 3 136 137 138 139 140 56 57 326 327 328 329 330 4 149 
25 43 56 65 7 74 76 77 91 100 13 109 111 112 122 18 131 133 134 22 144 146 147 28 30 31 156 158 159 5 161 162 170 36 179 181 182 40 192 194 195 46 48 49 204 206 207 11 209 210 53 218 220 221 59 61 62 230 232 233 16 235 236 68 70 71 243 245 246 20 248 249 79 81 82 1 84 85 256 257 24 259 260 26 261 88 266 268 269 94 96 97 278 280 281 34 283 284 103 105 106 291 293 294 38 296 297 114 116 117 2 119 120 304 305 42 307 308 44 309 125 127 128 313 315 316 51 318 319 136 138 139 3 141 142 326 327 55 329 330 57 331 149 151 
26 44 57 66 8 75 77 78 92 101 14 110 112 113 123 19 132 134 135 23 145 147 148 29 31 32 157 159 160 161 162 5 171 37 180 182 183 41 193 195 196 47 49 50 205 207 208 209 210 11 54 219 221 222 60 62 63 231 233 234 235 236 16 69 71 72 244 246 247 248 249 20 80 82 83 84 85 1 257 258 259 260 24 261 25 89 267 269 270 95 97 98 279 281 282 283 284 34 104 106 107 292 294 295 296 297 38 115 117 118 119 120 2 305 306 307 308 42 309 43 126 128 129 314 316 317 318 319 51 137 139 140 141 142 3 327 328 329 330 55 331 56 150 152 
27 45 58 67 73 1 79 80 93 102 108 2 114 115 124 130 3 136 137 143 4 149 150 5 156 157 6 7 8 163 164 165 172 178 9 184 185 191 10 197 198 11 204 205 12 13 14 211 212 213 217 15 223 224 16 230 231 17 18 19 237 238 239 20 243 244 21 22 23 250 251 252 24 25 26 256 257 258 28 29 30 31 32 262 263 265 33 271 272 34 278 279 35 36 37 285 286 287 38 291 292 39 40 41 298 299 300 42 43 44 304 305 306 46 47 48 49 50 310 311 51 313 314 52 53 54 320 321 322 55 56 57 326 327 328 59 60 61 62 63 332 333 64 65 
28 46 59 68 74 79 81 82 94 103 109 114 116 117 125 131 136 138 139 144 149 151 152 156 158 159 7 163 164 6 166 167 173 179 184 186 187 192 197 199 200 204 206 207 13 211 212 12 214 215 218 223 225 226 230 232 233 18 237 238 17 240 241 243 245 246 22 250 251 21 253 254 25 256 257 24 259 260 30 31 27 262 263 29 264 266 271 273 274 278 280 281 36 285 286 35 288 289 291 293 294 40 298 299 39 301 302 43 304 305 42 307 308 48 49 45 310 311 47 312 313 315 316 53 320 321 52 323 324 56 326 327 55 329 330 61 62 58 332 333 60 334 65 335 
29 47 60 69 75 80 82 83 95 104 110 115 117 118 126 132 137 139 140 145 150 152 153 157 159 160 8 164 165 166 167 6 174 180 185 187 188 193 198 200 201 205 207 208 14 212 213 214 215 12 219 224 226 227 231 233 234 19 238 239 240 241 17 244 246 247 23 251 252 253 254 21 26 257 258 259 260 24 31 32 262 263 27 264 28 267 272 274 275 279 281 282 37 286 287 288 289 35 292 294 295 41 299 300 301 302 39 44 305 306 307 308 42 49 50 310 311 45 312 46 314 316 317 54 321 322 323 324 52 57 327 328 329 330 55 62 63 332 333 58 334 59 66 336 
30 48 61 70 76 81 1 84 96 105 111 116 2 119 127 133 138 3 141 146 151 4 154 158 5 161 163 6 166 7 8 168 175 181 186 9 189 194 199 10 202 206 11 209 211 12 214 13 14 216 220 225 15 228 232 16 235 237 17 240 18 19 242 245 20 248 250 21 253 22 23 255 256 24 259 25 26 261 27 262 28 29 264 31 32 268 273 33 276 280 34 283 285 35 288 36 37 290 293 38 296 298 39 301 40 41 303 304 42 307 43 44 309 45 310 46 47 312 49 50 315 51 318 320 52 323 53 54 325 326 55 329 56 57 331 58 332 59 60 334 62 63 335 64 
31 49 62 71 77 82 84 85 97 106 112 117 119 120 128 134 139 141 142 147 152 154 155 159 161 162 164 166 167 8 168 7 176 182 187 189 190 195 200 202 203 207 209 210 212 214 215 14 216 13 221 226 228 229 233 235 236 238 240 241 19 242 18 246 248 249 251 253 254 23 255 22 257 259 260 26 261 25 262 263 29 264 28 32 30 269 274 276 277 281 283 284 286 288 289 37 290 36 294 296 297 299 301 302 41 303 40 305 307 308 44 309 43 310 311 47 312 46 50 48 316 318 319 321 323 324 54 325 53 327 329 330 57 331 56 332 333 60 334 59 63 61 336 338 
32 50 63 72 78 83 85 1 98 107 113 118 120 2 129 135 140 142 3 148 153 155 4 160 162 5 165 167 6 168 7 8 177 183 188 190 9 196 201 203 10 208 210 11 213 215 12 216 13 14 222 227 229 15 234 236 16 239 241 17 242 18 19 247 249 20 252 254 21 255 22 23 258 260 24 261 25 26 263 27 264 28 29 30 31 270 275 277 33 282 284 34 287 289 35 290 36 37 295 297 38 300 302 39 303 40 41 306 308 42 309 43 44 311 45 312 46 47 48 49 317 319 51 322 324 52 325 53 54 328 330 55 331 56 57 333 58 334 59 60 61 62 337 339 
33 15 10 9 86 87 88 89 4 3 51 52 53 54 2 38 39 40 41 34 35 36 37 169 170 171 172 173 174 175 176 177 1 20 21 22 23 16 17 18 19 121 122 123 124 125 126 127 128 129 11 12 13 14 99 100 101 102 103 104 105 106 107 90 91 92 93 94 95 96 97 98 265 266 267 268 269 270 271 272 273 274 275 276 277 5 6 7 8 64 65 66 67 68 69 70 71 72 55 56 57 58 59 60 61 62 63 217 218 219 220 221 222 223 224 225 226 227 228 229 42 43 44 45 46 47 48 49 50 191 192 193 194 195 196 197 198 199 200 201 202 203 178 179 
34 16 11 86 9 90 91 92 5 51 3 55 56 57 38 2 42 43 44 33 169 170 171 35 36 37 178 179 180 181 182 183 20 1 24 25 26 15 121 122 123 17 18 19 130 131 132 133 134 135 10 99 100 101 12 13 14 108 109 110 111 112 113 87 88 89 265 266 267 268 269 270 93 94 95 96 97 98 278 279 280 281 282 283 284 4 64 65 66 6 7 8 73 74 75 76 77 78 52 53 54 217 218 219 220 221 222 58 59 60 61 62 63 230 231 232 233 234 235 236 39 40 41 191 192 193 194 195 196 45 46 47 48 49 50 204 205 206 207 208 209 210 172 173 
35 17 12 87 90 93 94 95 6 52 55 58 59 60 39 42 45 46 47 169 172 173 174 178 179 180 9 184 185 186 187 188 21 24 27 28 29 121 124 125 126 130 131 132 3 136 137 138 139 140 99 102 103 104 108 109 110 2 114 115 116 117 118 265 266 267 33 271 272 273 274 275 34 278 279 280 281 282 36 37 285 286 287 288 289 64 67 68 69 73 74 75 1 79 80 81 82 83 217 218 219 15 223 224 225 226 227 16 230 231 232 233 234 18 19 237 238 239 240 241 191 192 193 10 197 198 199 200 201 11 204 205 206 207 208 13 14 211 212 213 214 215 86 348 
36 18 13 88 91 94 96 97 7 53 56 59 61 62 40 43 46 48 49 170 173 175 176 179 181 182 184 186 187 9 189 190 22 25 28 30 31 122 125 127 128 131 133 134 136 138 139 3 141 142 100 103 105 106 109 111 112 114 116 117 2 119 120 266 268 269 271 273 274 33 276 277 278 280 281 34 283 284 285 286 35 288 289 37 290 65 68 70 71 74 76 77 79 81 82 1 84 85 218 220 221 223 225 226 15 228 229 230 232 233 16 235 236 237 238 17 240 241 19 242 192 194 195 197 199 200 10 202 203 204 206 207 11 209 210 211 212 12 214 215 14 216 348 350 
37 19 14 89 92 95 97 98 8 54 57 60 62 63 41 44 47 49 50 171 174 176 177 180 182 183 185 187 188 189 190 9 23 26 29 31 32 123 126 128 129 132 134 135 137 139 140 141 142 3 101 104 106 107 110 112 113 115 117 118 119 120 2 267 269 270 272 274 275 276 277 33 279 281 282 283 284 34 286 287 288 289 35 290 36 66 69 71 72 75 77 78 80 82 83 84 85 1 219 221 222 224 226 227 228 229 15 231 233 234 235 236 16 238 239 240 241 17 242 18 193 195 196 198 200 201 202 203 10 205 207 208 209 210 11 212 213 214 215 12 216 13 349 351 
38 20 86 11 10 99 100 101 51 5 4 64 65 66 34 33 169 170 171 2 42 43 44 39 40 41 191 192 193 194 195 196 16 15 121 122 123 1 24 25 26 21 22 23 143 144 145 146 147 148 9 90 91 92 87 88 89 265 266 267 268 269 270 12 13 14 108 109 110 111 112 113 102 103 104 105 106 107 291 292 293 294 295 296 297 3 55 56 57 52 53 54 217 218 219 220 221 222 6 7 8 73 74 75 76 77 78 67 68 69 70 71 72 243 244 245 246 247 248 249 35 36 37 178 179 180 181 182 183 172 173 174 175 176 177 348 349 350 351 352 353 354 45 46 
39 21 87 12 99 102 103 104 52 6 64 67 68 69 35 169 172 173 174 42 45 46 47 191 192 193 10 197 198 199 200 201 17 121 124 125 126 24 27 28 29 143 144 145 4 149 150 151 152 153 90 93 94 95 265 266 267 33 271 272 273 274 275 108 109 110 2 114 115 116 117 118 38 291 292 293 294 295 40 41 298 299 300 301 302 55 58 59 60 217 218 219 15 223 224 225 226 227 73 74 75 1 79 80 81 82 83 20 243 244 245 246 247 22 23 250 251 252 253 254 178 179 180 9 184 185 186 187 188 86 348 349 350 351 352 88 89 355 356 357 358 359 11 204 
40 22 88 13 100 103 105 106 53 7 65 68 70 71 36 170 173 175 176 43 46 48 49 192 194 195 197 199 200 10 202 203 18 122 125 127 128 25 28 30 31 144 146 147 149 151 152 4 154 155 91 94 96 97 266 268 269 271 273 274 33 276 277 109 111 112 114 116 117 2 119 120 291 293 294 38 296 297 298 299 39 301 302 41 303 56 59 61 62 218 220 221 223 225 226 15 228 229 74 76 77 79 81 82 1 84 85 243 245 246 20 248 249 250 251 21 253 254 23 255 179 181 182 184 186 187 9 189 190 348 350 351 86 353 354 355 356 87 358 359 89 360 204 206 
41 23 89 14 101 104 106 107 54 8 66 69 71 72 37 171 174 176 177 44 47 49 50 193 195 196 198 200 201 202 203 10 19 123 126 128 129 26 29 31 32 145 147 148 150 152 153 154 155 4 92 95 97 98 267 269 270 272 274 275 276 277 33 110 112 113 115 117 118 119 120 2 292 294 295 296 297 38 299 300 301 302 39 303 40 57 60 62 63 219 221 222 224 226 227 228 229 15 75 77 78 80 82 83 84 85 1 244 246 247 248 249 20 251 252 253 254 21 255 22 180 182 183 185 187 188 189 190 9 349 351 352 353 354 86 356 357 358 359 87 360 88 205 207 
42 24 90 99 12 108 109 110 55 64 6 73 74 75 169 35 178 179 180 39 191 192 193 45 46 47 11 204 205 206 207 208 121 17 130 131 132 21 143 144 145 27 28 29 5 156 157 158 159 160 87 265 266 267 93 94 95 34 278 279 280 281 282 102 103 104 38 291 292 293 294 295 2 114 115 116 117 118 43 44 304 305 306 307 308 52 217 218 219 58 59 60 16 230 231 232 233 234 67 68 69 20 243 244 245 246 247 1 79 80 81 82 83 25 26 256 257 258 259 260 172 173 174 86 348 349 350 351 352 9 184 185 186 187 188 91 92 361 362 363 364 365 10 197 
43 25 91 100 13 109 111 112 56 65 7 74 76 77 170 36 179 181 182 40 192 194 195 46 48 49 204 206 207 11 209 210 122 18 131 133 134 22 144 146 147 28 30 31 156 158 159 5 161 162 88 266 268 269 94 96 97 278 280 281 34 283 284 103 105 106 291 293 294 38 296 297 114 116 117 2 119 120 304 305 42 307 308 44 309 53 218 220 221 59 61 62 230 232 233 16 235 236 68 70 71 243 245 246 20 248 249 79 81 82 1 84 85 256 257 24 259 260 26 261 173 175 176 348 350 351 86 353 354 184 186 187 9 189 190 361 362 90 364 365 92 366 197 199 
44 26 92 101 14 110 112 113 57 66 8 75 77 78 171 37 180 182 183 41 193 195 196 47 49 50 205 207 208 209 210 11 123 19 132 134 135 23 145 147 148 29 31 32 157 159 160 161 162 5 89 267 269 270 95 97 98 279 281 282 283 284 34 104 106 107 292 294 295 296 297 38 115 117 118 119 120 2 305 306 307 308 42 309 43 54 219 221 222 60 62 63 231 233 234 235 236 16 69 71 72 244 246 247 248 249 20 80 82 83 84 85 1 257 258 259 260 24 261 25 174 176 177 349 351 352 353 354 86 185 187 188 189 190 9 362 363 364 365 90 366 91 198 200 
45 27 93 102 108 2 114 115 58 67 73 1 79 80 172 178 9 184 185 191 10 197 198 11 204 205 12 13 14 211 212 213 124 130 3 136 137 143 4 149 150 5 156 157 6 7 8 163 164 165 265 33 271 272 34 278 279 35 36 37 285 286 287 38 291 292 39 40 41 298 299 300 42 43 44 304 305 306 46 47 48 49 50 310 311 217 15 223 224 16 230 231 17 18 19 237 238 239 20 243 244 21 22 23 250 251 252 24 25 26 256 257 258 28 29 30 31 32 262 263 86 348 349 87 88 89 355 356 357 90 91 92 361 362 363 94 95 96 97 98 367 368 99 100 
46 28 94 103 109 114 116 117 59 68 74 79 81 82 173 179 184 186 187 192 197 199 200 204 206 207 13 211 212 12 214 215 125 131 136 138 139 144 149 151 152 156 158 159 7 163 164 6 166 167 266 271 273 274 278 280 281 36 285 286 35 288 289 291 293 294 40 298 299 39 301 302 43 304 305 42 307 308 48 49 45 310 311 47 312 218 223 225 226 230 232 233 18 237 238 17 240 241 243 245 246 22 250 251 21 253 254 25 256 257 24 259 260 30 31 27 262 263 29 264 348 350 351 88 355 356 87 358 359 91 361 362 90 364 365 96 97 93 367 368 95 369 100 370 
47 29 95 104 110 115 117 118 60 69 75 80 82 83 174 180 185 187 188 193 198 200 201 205 207 208 14 212 213 214 215 12 126 132 137 139 140 145 150 152 153 157 159 160 8 164 165 166 167 6 267 272 274 275 279 281 282 37 286 287 288 289 35 292 294 295 41 299 300 301 302 39 44 305 306 307 308 42 49 50 310 311 45 312 46 219 224 226 227 231 233 234 19 238 239 240 241 17 244 246 247 23 251 252 253 254 21 26 257 258 259 260 24 31 32 262 263 27 264 28 349 351 352 89 356 357 358 359 87 92 362 363 364 365 90 97 98 367 368 93 369 94 101 371 
48 30 96 105 111 116 2 119 61 70 76 81 1 84 175 181 186 9 189 194 199 10 202 206 11 209 211 12 214 13 14 216 127 133 138 3 141 146 151 4 154 158 5 161 163 6 166 7 8 168 268 273 33 276 280 34 283 285 35 288 36 37 290 293 38 296 298 39 301 40 41 303 304 42 307 43 44 309 45 310 46 47 312 49 50 220 225 15 228 232 16 235 237 17 240 18 19 242 245 20 248 250 21 253 22 23 255 256 24 259 25 26 261 27 262 28 29 264 31 32 350 86 353 355 87 358 88 89 360 361 90 364 91 92 366 93 367 94 95 369 97 98 370 99 
49 31 97 106 112 117 119 120 62 71 77 82 84 85 176 182 187 189 190 195 200 202 203 207 209 210 212 214 215 14 216 13 128 134 139 141 142 147 152 154 155 159 161 162 164 166 167 8 168 7 269 274 276 277 281 283 284 286 288 289 37 290 36 294 296 297 299 301 302 41 303 40 305 307 308 44 309 43 310 311 47 312 46 50 48 221 226 228 229 233 235 236 238 240 241 19 242 18 246 248 249 251 253 254 23 255 22 257 259 260 26 261 25 262 263 29 264 28 32 30 351 353 354 356 358 359 89 360 88 362 364 365 92 366 91 367 368 95 369 94 98 96 371 373 
50 32 98 107 113 118 120 2 63 72 78 83 85 1 177 183 188 190 9 196 201 203 10 208 210 11 213 215 12 216 13 14 129 135 140 142 3 148 153 155 4 160 162 5 165 167 6 168 7 8 270 275 277 33 282 284 34 287 289 35 290 36 37 295 297 38 300 302 39 303 40 41 306 308 42 309 43 44 311 45 312 46 47 48 49 222 227 229 15 234 236 16 239 241 17 242 18 19 247 249 20 252 254 21 255 22 23 258 260 24 261 25 26 263 27 264 28 29 30 31 352 354 86 357 359 87 360 88 89 363 365 90 366 91 92 368 93 369 94 95 96 97 372 374 
51 86 20 16 15 121 122 123 38 34 33 169 170 171 5 4 64 65 66 3 55 56 57 52 53 54 217 218 219 220 221 222 11 10 99 100 101 9 90 91 92 87 88 89 265 266 267 268 269 270 1 24 25 26 21 22 23 143 144 145 146 147 148 17 18 19 130 131 132 133 134 135 124 125 126 127 128 129 313 314 315 316 317 318 319 2 42 43 44 39 40 41 191 192 193 194 195 196 35 36 37 178 179 180 181 182 183 172 173 174 175 176 177 348 349 350 351 352 353 354 6 7 8 73 74 75 76 77 78 67 68 69 70 71 72 243 244 245 246 247 248 249 58 59 
52 87 21 17 121 124 125 126 39 35 169 172 173 174 6 64 67 68 69 55 58 59 60 217 218 219 15 223 224 225 226 227 12 99 102 103 104 90 93 94 95 265 266 267 33 271 272 273 274 275 24 27 28 29 143 144 145 4 149 150 151 152 153 130 131 132 3 136 137 138 139 140 51 313 314 315 316 317 53 54 320 321 322 323 324 42 45 46 47 191 192 193 10 197 198 199 200 201 178 179 180 9 184 185 186 187 188 86 348 349 350 351 352 88 89 355 356 357 358 359 73 74 75 1 79 80 81 82 83 20 243 244 245 246 247 22 23 250 251 252 253 254 16 230 
53 88 22 18 122 125 127 128 40 36 170 173 175 176 7 65 68 70 71 56 59 61 62 218 220 221 223 225 226 15 228 229 13 100 103 105 106 91 94 96 97 266 268 269 271 273 274 33 276 277 25 28 30 31 144 146 147 149 151 152 4 154 155 131 133 134 136 138 139 3 141 142 313 315 316 51 318 319 320 321 52 323 324 54 325 43 46 48 49 192 194 195 197 199 200 10 202 203 179 181 182 184 186 187 9 189 190 348 350 351 86 353 354 355 356 87 358 359 89 360 74 76 77 79 81 82 1 84 85 243 245 246 20 248 249 250 251 21 253 254 23 255 230 232 
54 89 23 19 123 126 128 129 41 37 171 174 176 177 8 66 69 71 72 57 60 62 63 219 221 222 224 226 227 228 229 15 14 101 104 106 107 92 95 97 98 267 269 270 272 274 275 276 277 33 26 29 31 32 145 147 148 150 152 153 154 155 4 132 134 135 137 139 140 141 142 3 314 316 317 318 319 51 321 322 323 324 52 325 53 44 47 49 50 193 195 196 198 200 201 202 203 10 180 182 183 185 187 188 189 190 9 349 351 352 353 354 86 356 357 358 359 87 360 88 75 77 78 80 82 83 84 85 1 244 246 247 248 249 20 251 252 253 254 21 255 22 231 233 
55 90 24 121 17 130 131 132 42 169 35 178 179 180 64 6 73 74 75 52 217 218 219 58 59 60 16 230 231 232 233 234 99 12 108 109 110 87 265 266 267 93 94 95 34 278 279 280 281 282 21 143 144 145 27 28 29 5 156 157 158 159 160 124 125 126 51 313 314 315 316 317 3 136 137 138 139 140 56 57 326 327 328 329 330 39 191 192 193 45 46 47 11 204 205 206 207 208 172 173 174 86 348 349 350 351 352 9 184 185 186 187 188 91 92 361 362 363 364 365 67 68 69 20 243 244 245 246 247 1 79 80 81 82 83 25 26 256 257 258 259 260 15 223 
56 91 25 122 18 131 133 134 43 170 36 179 181 182 65 7 74 76 77 53 218 220 221 59 61 62 230 232 233 16 235 236 100 13 109 111 112 88 266 268 269 94 96 97 278 280 281 34 283 284 22 144 146 147 28 30 31 156 158 159 5 161 162 125 127 128 313 315 316 51 318 319 136 138 139 3 141 142 326 327 55 329 330 57 331 40 192 194 195 46 48 49 204 206 207 11 209 210 173 175 176 348 350 351 86 353 354 184 186 187 9 189 190 361 362 90 364 365 92 366 68 70 71 243 245 246 20 248 249 79 81 82 1 84 85 256 257 24 259 260 26 261 223 225 
57 92 26 123 19 132 134 135 44 171 37 180 182 183 66 8 75 77 78 54 219 221 222 60 62 63 231 233 234 235 236 16 101 14 110 112 113 89 267 269 270 95 97 98 279 281 282 283 284 34 23 145 147 148 29 31 32 157 159 160 161 162 5 126 128 129 314 316 317 318 319 51 137 139 140 141 142 3 327 328 329 330 55 331 56 41 193 195 196 47 49 50 205 207 208 209 210 11 174 176 177 349 351 352 353 354 86 185 187 188 189 190 9 362 363 364 365 90 366 91 69 71 72 244 246 247 248 249 20 80 82 83 84 85 1 257 258 259 260 24 261 25 224 226 
58 93 27 124 130 3 136 137 45 172 178 9 184 185 67 73 1 79 80 217 15 223 224 16 230 231 17 18 19 237 238 239 102 108 2 114 115 265 33 271 272 34 278 279 35 36 37 285 286 287 143 4 149 150 5 156 157 6 7 8 163 164 165 51 313 314 52 53 54 320 321 322 55 56 57 326 327 328 59 60 61 62 63 332 333 191 10 197 198 11 204 205 12 13 14 211 212 213 86 348 349 87 88 89 355 356 357 90 91 92 361 362 363 94 95 96 97 98 367 368 20 243 244 21 22 23 250 251 252 24 25 26 256 257 258 28 29 30 31 32 262 263 121 122 
59 94 28 125 131 136 138 139 46 173 179 184 186 187 68 74 79 81 82 218 223 225 226 230 232 233 18 237 238 17 240 241 103 109 114 116 117 266 271 273 274 278 280 281 36 285 286 35 288 289 144 149 151 152 156 158 159 7 163 164 6 166 167 313 315 316 53 320 321 52 323 324 56 326 327 55 329 330 61 62 58 332 333 60 334 192 197 199 200 204 206 207 13 211 212 12 214 215 348 350 351 88 355 356 87 358 359 91 361 362 90 364 365 96 97 93 367 368 95 369 243 245 246 22 250 251 21 253 254 25 256 257 24 259 260 30 31 27 262 263 29 264 122 383 
60 95 29 126 132 137 139 140 47 174 180 185 187 188 69 75 80 82 83 219 224 226 227 231 233 234 19 238 239 240 241 17 104 110 115 117 118 267 272 274 275 279 281 282 37 286 287 288 289 35 145 150 152 153 157 159 160 8 164 165 166 167 6 314 316 317 54 321 322 323 324 52 57 327 328 329 330 55 62 63 332 333 58 334 59 193 198 200 201 205 207 208 14 212 213 214 215 12 349 351 352 89 356 357 358 359 87 92 362 363 364 365 90 97 98 367 368 93 369 94 244 246 247 23 251 252 253 254 21 26 257 258 259 260 24 31 32 262 263 27 264 28 123 384 
61 96 30 127 133 138 3 141 48 175 181 186 9 189 70 76 81 1 84 220 225 15 228 232 16 235 237 17 240 18 19 242 105 111 116 2 119 268 273 33 276 280 34 283 285 35 288 36 37 290 146 151 4 154 158 5 161 163 6 166 7 8 168 315 51 318 320 52 323 53 54 325 326 55 329 56 57 331 58 332 59 60 334 62 63 194 199 10 202 206 11 209 211 12 214 13 14 216 350 86 353 355 87 358 88 89 360 361 90 364 91 92 366 93 367 94 95 369 97 98 245 20 248 250 21 253 22 23 255 256 24 259 25 26 261 27 262 28 29 264 31 32 383 121 
62 97 31 128 134 139 141 142 49 176 182 187 189 190 71 77 82 84 85 221 226 228 229 233 235 236 238 240 241 19 242 18 106 112 117 119 120 269 274 276 277 281 283 284 286 288 289 37 290 36 147 152 154 155 159 161 162 164 166 167 8 168 7 316 318 319 321 323 324 54 325 53 327 329 330 57 331 56 332 333 60 334 59 63 61 195 200 202 203 207 209 210 212 214 215 14 216 13 351 353 354 356 358 359 89 360 88 362 364 365 92 366 91 367 368 95 369 94 98 96 246 248 249 251 253 254 23 255 22 257 259 260 26 261 25 262 263 29 264 28 32 30 384 386 
63 98 32 129 135 140 142 3 50 177 183 188 190 9 72 78 83 85 1 222 227 229 15 234 236 16 239 241 17 242 18 19 107 113 118 120 2 270 275 277 33 282 284 34 287 289 35 290 36 37 148 153 155 4 160 162 5 165 167 6 168 7 8 317 319 51 322 324 52 325 53 54 328 330 55 331 56 57 333 58 334 59 60 61 62 196 201 203 10 208 210 11 213 215 12 216 13 14 352 354 86 357 359 87 360 88 89 363 365 90 366 91 92 368 93 369 94 95 96 97 247 249 20 252 254 21 255 22 23 258 260 24 261 25 26 263 27 264 28 29 30 31 385 387 
64 99 121 24 21 143 144 145 169 42 39 191 192 193 55 52 217 218 219 6 73 74 75 67 68 69 20 243 244 245 246 247 90 87 265 266 267 12 108 109 110 102 103 104 38 291 292 293 294 295 17 130 131 132 124 125 126 51 313 314 315 316 317 27 28 29 5 156 157 158 159 160 4 149 150 151 152 153 65 66 335 336 337 338 339 35 178 179 180 172 173 174 86 348 349 350 351 352 45 46 47 11 204 205 206 207 208 10 197 198 199 200 201 100 101 370 371 372 373 374 58 59 60 16 230 231 232 233 234 15 223 224 225 226 227 122 123 383 384 385 386 387 1 79 
65 100 122 25 22 144 146 147 170 43 40 192 194 195 56 53 218 220 221 7 74 76 77 68 70 71 243 245 246 20 248 249 91 88 266 268 269 13 109 111 112 103 105 106 291 293 294 38 296 297 18 131 133 134 125 127 128 313 315 316 51 318 319 28 30 31 156 158 159 5 161 162 149 151 152 4 154 155 335 336 64 338 339 66 340 36 179 181 182 173 175 176 348 350 351 86 353 354 46 48 49 204 206 207 11 209 210 197 199 200 10 202 203 370 371 99 373 374 101 375 59 61 62 230 232 233 16 235 236 223 225 226 15 228 229 383 384 121 386 387 123 388 79 81 
66 101 123 26 23 145 147 148 171 44 41 193 195 196 57 54 219 221 222 8 75 77 78 69 71 72 244 246 247 248 249 20 92 89 267 269 270 14 110 112 113 104 106 107 292 294 295 296 297 38 19 132 134 135 126 128 129 314 316 317 318 319 51 29 31 32 157 159 160 161 162 5 150 152 153 154 155 4 336 337 338 339 64 340 65 37 180 182 183 174 176 177 349 351 352 353 354 86 47 49 50 205 207 208 209 210 11 198 200 201 202 203 10 371 372 373 374 99 375 100 60 62 63 231 233 234 235 236 16 224 226 227 228 229 15 384 385 386 387 121 388 122 80 82 
67 102 124 27 143 4 149 150 172 45 191 10 197 198 58 217 15 223 224 73 1 79 80 20 243 244 21 22 23 250 251 252 93 265 33 271 272 108 2 114 115 38 291 292 39 40 41 298 299 300 130 3 136 137 51 313 314 52 53 54 320 321 322 5 156 157 6 7 8 163 164 165 64 65 66 335 336 337 68 69 70 71 72 341 342 178 9 184 185 86 348 349 87 88 89 355 356 357 11 204 205 12 13 14 211 212 213 99 100 101 370 371 372 103 104 105 106 107 376 377 16 230 231 17 18 19 237 238 239 121 122 123 383 384 385 125 126 127 128 129 389 390 24 25 
68 103 125 28 144 149 151 152 173 46 192 197 199 200 59 218 223 225 226 74 79 81 82 243 245 246 22 250 251 21 253 254 94 266 271 273 274 109 114 116 117 291 293 294 40 298 299 39 301 302 131 136 138 139 313 315 316 53 320 321 52 323 324 156 158 159 7 163 164 6 166 167 65 335 336 64 338 339 70 71 67 341 342 69 343 179 184 186 187 348 350 351 88 355 356 87 358 359 204 206 207 13 211 212 12 214 215 100 370 371 99 373 374 105 106 102 376 377 104 378 230 232 233 18 237 238 17 240 241 122 383 384 121 386 387 127 128 124 389 390 126 391 25 256 
69 104 126 29 145 150 152 153 174 47 193 198 200 201 60 219 224 226 227 75 80 82 83 244 246 247 23 251 252 253 254 21 95 267 272 274 275 110 115 117 118 292 294 295 41 299 300 301 302 39 132 137 139 140 314 316 317 54 321 322 323 324 52 157 159 160 8 164 165 166 167 6 66 336 337 338 339 64 71 72 341 342 67 343 68 180 185 187 188 349 351 352 89 356 357 358 359 87 205 207 208 14 212 213 214 215 12 101 371 372 373 374 99 106 107 376 377 102 378 103 231 233 234 19 238 239 240 241 17 123 384 385 386 387 121 128 129 389 390 124 391 125 26 257 
70 105 127 30 146 151 4 154 175 48 194 199 10 202 61 220 225 15 228 76 81 1 84 245 20 248 250 21 253 22 23 255 96 268 273 33 276 111 116 2 119 293 38 296 298 39 301 40 41 303 133 138 3 141 315 51 318 320 52 323 53 54 325 158 5 161 163 6 166 7 8 168 335 64 338 65 66 340 67 341 68 69 343 71 72 181 186 9 189 350 86 353 355 87 358 88 89 360 206 11 209 211 12 214 13 14 216 370 99 373 100 101 375 102 376 103 104 378 106 107 232 16 235 237 17 240 18 19 242 383 121 386 122 123 388 124 389 125 126 391 128 129 256 24 
71 106 128 31 147 152 154 155 176 49 195 200 202 203 62 221 226 228 229 77 82 84 85 246 248 249 251 253 254 23 255 22 97 269 274 276 277 112 117 119 120 294 296 297 299 301 302 41 303 40 134 139 141 142 316 318 319 321 323 324 54 325 53 159 161 162 164 166 167 8 168 7 336 338 339 66 340 65 341 342 69 343 68 72 70 182 187 189 190 351 353 354 356 358 359 89 360 88 207 209 210 212 214 215 14 216 13 371 373 374 101 375 100 376 377 104 378 103 107 105 233 235 236 238 240 241 19 242 18 384 386 387 123 388 122 389 390 126 391 125 129 127 257 259 
72 107 129 32 148 153 155 4 177 50 196 201 203 10 63 222 227 229 15 78 83 85 1 247 249 20 252 254 21 255 22 23 98 270 275 277 33 113 118 120 2 295 297 38 300 302 39 303 40 41 135 140 142 3 317 319 51 322 324 52 325 53 54 160 162 5 165 167 6 168 7 8 337 339 64 340 65 66 342 67 343 68 69 70 71 183 188 190 9 352 354 86 357 359 87 360 88 89 208 210 11 213 215 12 216 13 14 372 374 99 375 100 101 377 102 378 103 104 105 106 234 236 16 239 241 17 242 18 19 385 387 121 388 122 123 390 124 391 125 126 127 128 258 260 
73 108 130 143 27 5 156 157 178 191 45 11 204 205 217 58 16 230 231 67 20 243 244 1 79 80 24 25 26 256 257 258 265 93 34 278 279 102 38 291 292 2 114 115 42 43 44 304 305 306 124 51 313 314 3 136 137 55 56 57 326 327 328 4 149 150 64 65 66 335 336 337 6 7 8 163 164 165 74 75 76 77 78 344 345 172 86 348 349 9 184 185 90 91 92 361 362 363 10 197 198 99 100 101 370 371 372 12 13 14 211 212 213 109 110 111 112 113 379 380 15 223 224 121 122 123 383 384 385 17 18 19 237 238 239 131 132 133 134 135 392 393 21 22 
74 109 131 144 28 156 158 159 179 192 46 204 206 207 218 59 230 232 233 68 243 245 246 79 81 82 25 256 257 24 259 260 266 94 278 280 281 103 291 293 294 114 116 117 43 304 305 42 307 308 125 313 315 316 136 138 139 56 326 327 55 329 330 149 151 152 65 335 336 64 338 339 7 163 164 6 166 167 76 77 73 344 345 75 346 173 348 350 351 184 186 187 91 361 362 90 364 365 197 199 200 100 370 371 99 373 374 13 211 212 12 214 215 111 112 108 379 380 110 381 223 225 226 122 383 384 121 386 387 18 237 238 17 240 241 133 134 130 392 393 132 394 22 250 
75 110 132 145 29 157 159 160 180 193 47 205 207 208 219 60 231 233 234 69 244 246 247 80 82 83 26 257 258 259 260 24 267 95 279 281 282 104 292 294 295 115 117 118 44 305 306 307 308 42 126 314 316 317 137 139 140 57 327 328 329 330 55 150 152 153 66 336 337 338 339 64 8 164 165 166 167 6 77 78 344 345 73 346 74 174 349 351 352 185 187 188 92 362 363 364 365 90 198 200 201 101 371 372 373 374 99 14 212 213 214 215 12 112 113 379 380 108 381 109 224 226 227 123 384 385 386 387 121 19 238 239 240 241 17 134 135 392 393 130 394 131 23 251 
76 111 133 146 30 158 5 161 181 194 48 206 11 209 220 61 232 16 235 70 245 20 248 81 1 84 256 24 259 25 26 261 268 96 280 34 283 105 293 38 296 116 2 119 304 42 307 43 44 309 127 315 51 318 138 3 141 326 55 329 56 57 331 151 4 154 335 64 338 65 66 340 163 6 166 7 8 168 73 344 74 75 346 77 78 175 350 86 353 186 9 189 361 90 364 91 92 366 199 10 202 370 99 373 100 101 375 211 12 214 13 14 216 108 379 109 110 381 112 113 225 15 228 383 121 386 122 123 388 237 17 240 18 19 242 130 392 131 132 394 134 135 250 21 
77 112 134 147 31 159 161 162 182 195 49 207 209 210 221 62 233 235 236 71 246 248 249 82 84 85 257 259 260 26 261 25 269 97 281 283 284 106 294 296 297 117 119 120 305 307 308 44 309 43 128 316 318 319 139 141 142 327 329 330 57 331 56 152 154 155 336 338 339 66 340 65 164 166 167 8 168 7 344 345 75 346 74 78 76 176 351 353 354 187 189 190 362 364 365 92 366 91 200 202 203 371 373 374 101 375 100 212 214 215 14 216 13 379 380 110 381 109 113 111 226 228 229 384 386 387 123 388 122 238 240 241 19 242 18 392 393 132 394 131 135 133 251 253 
