168 57
1 2 3 4 5 6 7 8 9 10 11 12 13 14 15 16 17 18 19 20 21 22 23 24 25 26 27 28 29 30 31 32 33 34 35 36 37 38 39 40 41 42 43 44 45 46 47 48 49 50 51 52 53 54 55 56 57 58 59 60 61 62 63 64 65 66 67 68 69 70 71 72 73 74 75 76 77 78 79 80 81 82 83 84 85 86 87 88 89 90 91 92 93 94 95 96 97 98 99 100 101 102 103 104 105 106 107 108 109 110 111 112 113 114 115 116 117 118 119 120 121 122 123 124 125 126 127 128 129 130 131 132 133 134 135 136 137 138 139 140 141 142 143 144 145 146 147 148 149 150 151 152 153 154 155 156 157 158 159 160 161 162 163 164 165 166 167 168 
2 1 7 8 9 10 3 4 5 6 19 20 21 22 23 24 25 26 11 12 13 14 15 16 17 18 38 39 40 41 42 43 44 45 46 47 48 27 28 29 30 31 32 33 34 35 36 37 61 62 63 64 65 66 67 68 69 70 71 72 49 50 51 52 53 54 55 56 57 58 59 60 85 86 87 88 89 90 91 92 93 94 95 96 73 74 75 76 77 78 79 80 81 82 83 84 109 110 111 112 113 114 115 116 117 118 119 120 97 98 99 100 101 102 103 104 105 106 107 108 132 133 134 135 136 137 138 139 140 141 142 121 122 123 124 125 126 127 128 129 130 131 151 152 153 154 155 156 157 158 143 144 145 146 147 148 149 150 163 164 165 166 159 160 161 162 168 167 
3 7 1 11 12 13 2 19 20 21 4 5 6 27 28 29 30 31 8 9 10 38 39 40 41 42 14 15 16 17 18 49 50 51 52 53 54 22 23 24 25 26 61 62 63 64 65 66 32 33 34 35 36 37 73 74 75 76 77 78 43 44 45 46 47 48 85 86 87 88 89 90 55 56 57 58 59 60 97 98 99 100 101 102 67 68 69 70 71 72 109 110 111 112 113 114 79 80 81 82 83 84 121 122 123 124 125 126 91 92 93 94 95 96 132 133 134 135 136 137 103 104 105 106 107 108 143 144 145 146 147 115 116 117 118 119 120 151 152 153 154 155 127 128 129 130 131 159 160 161 138 139 140 141 142 163 164 165 148 149 150 167 156 157 158 168 162 166 
4 8 11 1 14 15 19 2 22 23 3 27 28 5 6 32 33 34 7 38 39 9 10 43 44 45 12 13 49 50 51 16 17 18 55 56 57 20 21 61 62 63 24 25 26 67 68 69 29 30 31 73 74 75 35 36 37 79 80 81 40 41 42 85 86 87 46 47 48 91 92 93 52 53 54 97 98 99 58 59 60 103 104 105 64 65 66 109 110 111 70 71 72 115 116 117 76 77 78 121 122 123 82 83 84 127 128 129 88 89 90 132 133 134 94 95 96 138 139 140 100 101 102 143 144 145 106 107 108 148 149 112 113 114 151 152 153 118 119 120 156 157 124 125 126 159 160 130 131 162 135 136 137 163 164 141 142 166 146 147 167 150 154 155 168 158 161 165 
5 9 12 14 16 17 20 22 24 25 27 29 30 32 33 1 35 36 38 40 41 43 44 2 46 47 49 50 3 52 53 4 55 56 6 58 59 61 62 7 64 65 8 67 68 10 70 71 11 73 74 13 76 77 15 79 80 18 82 83 19 85 86 21 88 89 23 91 92 26 94 95 28 97 98 31 100 101 34 103 104 37 106 107 39 109 110 42 112 113 45 115 116 48 118 119 51 121 122 54 124 125 57 127 128 60 130 131 63 132 133 66 135 136 69 138 139 72 141 142 75 143 144 78 146 147 81 148 149 84 150 87 151 152 90 154 155 93 156 157 96 158 99 159 160 102 161 105 162 108 111 163 164 114 165 117 166 120 123 167 126 129 134 168 137 140 145 153 
6 10 13 15 17 18 21 23 25 26 28 30 31 33 34 35 36 37 39 41 42 44 45 46 47 48 50 51 52 53 54 55 56 57 58 59 60 62 63 64 65 66 67 68 69 70 71 72 73 74 75 76 77 78 79 80 81 82 83 84 85 86 87 88 89 90 91 92 93 94 95 96 97 98 99 100 101 102 103 104 105 106 107 108 109 110 111 112 113 114 115 116 117 118 119 120 121 122 123 124 125 126 127 128 129 130 131 1 132 133 134 135 136 137 138 139 140 141 142 2 143 144 145 146 147 3 148 149 4 150 5 151 152 153 154 155 7 156 157 8 158 9 159 160 11 161 12 162 14 16 163 164 19 165 20 166 22 24 167 27 29 32 168 38 40 43 49 61 
7 3 2 19 20 21 1 11 12 13 8 9 10 38 39 40 41 42 4 5 6 27 28 29 30 31 22 23 24 25 26 61 62 63 64 65 66 14 15 16 17 18 49 50 51 52 53 54 43 44 45 46 47 48 85 86 87 88 89 90 32 33 34 35 36 37 73 74 75 76 77 78 67 68 69 70 71 72 109 110 111 112 113 114 55 56 57 58 59 60 97 98 99 100 101 102 91 92 93 94 95 96 132 133 134 135 136 137 79 80 81 82 83 84 121 122 123 124 125 126 115 116 117 118 119 120 151 152 153 154 155 103 104 105 106 107 108 143 144 145 146 147 138 139 140 141 142 163 164 165 127 128 129 130 131 159 160 161 156 157 158 168 148 149 150 167 166 162 
8 4 19 2 22 23 11 1 14 15 7 38 39 9 10 43 44 45 3 27 28 5 6 32 33 34 20 21 61 62 63 24 25 26 67 68 69 12 13 49 50 51 16 17 18 55 56 57 40 41 42 85 86 87 46 47 48 91 92 93 29 30 31 73 74 75 35 36 37 79 80 81 64 65 66 109 110 111 70 71 72 115 116 117 52 53 54 97 98 99 58 59 60 103 104 105 88 89 90 132 133 134 94 95 96 138 139 140 76 77 78 121 122 123 82 83 84 127 128 129 112 113 114 151 152 153 118 119 120 156 157 100 101 102 143 144 145 106 107 108 148 149 135 136 137 163 164 141 142 166 124 125 126 159 160 130 131 162 154 155 168 158 146 147 167 150 165 161 
9 5 20 22 24 25 12 14 16 17 38 40 41 43 44 2 46 47 27 29 30 32 33 1 35 36 61 62 7 64 65 8 67 68 10 70 71 49 50 3 52 53 4 55 56 6 58 59 19 85 86 21 88 89 23 91 92 26 94 95 11 73 74 13 76 77 15 79 80 18 82 83 39 109 110 42 112 113 45 115 116 48 118 119 28 97 98 31 100 101 34 103 104 37 106 107 63 132 133 66 135 136 69 138 139 72 141 142 51 121 122 54 124 125 57 127 128 60 130 131 87 151 152 90 154 155 93 156 157 96 158 75 143 144 78 146 147 81 148 149 84 150 111 163 164 114 165 117 166 120 99 159 160 102 161 105 162 108 134 168 137 140 123 167 126 129 153 145 
10 6 21 23 25 26 13 15 17 18 39 41 42 44 45 46 47 48 28 30 31 33 34 35 36 37 62 63 64 65 66 67 68 69 70 71 72 50 51 52 53 54 55 56 57 58 59 60 85 86 87 88 89 90 91 92 93 94 95 96 73 74 75 76 77 78 79 80 81 82 83 84 109 110 111 112 113 114 115 116 117 118 119 120 97 98 99 100 101 102 103 104 105 106 107 108 132 133 134 135 136 137 138 139 140 141 142 2 121 122 123 124 125 126 127 128 129 130 131 1 151 152 153 154 155 7 156 157 8 158 9 143 144 145 146 147 3 148 149 4 150 5 163 164 19 165 20 166 22 24 159 160 11 161 12 162 14 16 168 38 40 43 167 27 29 32 61 49 
11 19 4 3 27 28 8 7 38 39 1 14 15 12 13 49 50 51 2 22 23 20 21 61 62 63 5 6 32 33 34 29 30 31 73 74 75 9 10 43 44 45 40 41 42 85 86 87 16 17 18 55 56 57 52 53 54 97 98 99 24 25 26 67 68 69 64 65 66 109 110 111 35 36 37 79 80 81 76 77 78 121 122 123 46 47 48 91 92 93 88 89 90 132 133 134 58 59 60 103 104 105 100 101 102 143 144 145 70 71 72 115 116 117 112 113 114 151 152 153 82 83 84 127 128 129 124 125 126 159 160 94 95 96 138 139 140 135 136 137 163 164 106 107 108 148 149 146 147 167 118 119 120 156 157 154 155 168 130 131 162 161 141 142 166 165 150 158 
12 20 5 27 29 30 9 38 40 41 14 16 17 49 50 3 52 53 22 24 25 61 62 7 64 65 32 33 1 35 36 11 73 74 13 76 77 43 44 2 46 47 19 85 86 21 88 89 4 55 56 6 58 59 28 97 98 31 100 101 8 67 68 10 70 71 39 109 110 42 112 113 15 79 80 18 82 83 51 121 122 54 124 125 23 91 92 26 94 95 63 132 133 66 135 136 34 103 104 37 106 107 75 143 144 78 146 147 45 115 116 48 118 119 87 151 152 90 154 155 57 127 128 60 130 131 99 159 160 102 161 69 138 139 72 141 142 111 163 164 114 165 81 148 149 84 150 123 167 126 93 156 157 96 158 134 168 137 105 162 108 145 117 166 120 153 129 140 
13 21 6 28 30 31 10 39 41 42 15 17 18 50 51 52 53 54 23 25 26 62 63 64 65 66 33 34 35 36 37 73 74 75 76 77 78 44 45 46 47 48 85 86 87 88 89 90 55 56 57 58 59 60 97 98 99 100 101 102 67 68 69 70 71 72 109 110 111 112 113 114 79 80 81 82 83 84 121 122 123 124 125 126 91 92 93 94 95 96 132 133 134 135 136 137 103 104 105 106 107 108 143 144 145 146 147 3 115 116 117 118 119 120 151 152 153 154 155 7 127 128 129 130 131 1 159 160 11 161 12 138 139 140 141 142 2 163 164 19 165 20 148 149 4 150 5 167 27 29 156 157 8 158 9 168 38 40 162 14 16 49 166 22 24 61 32 43 
14 22 27 5 32 33 38 9 43 44 12 49 50 16 17 4 55 56 20 61 62 24 25 8 67 68 29 30 11 73 74 1 35 36 15 79 80 40 41 19 85 86 2 46 47 23 91 92 3 52 53 28 97 98 6 58 59 34 103 104 7 64 65 39 109 110 10 70 71 45 115 116 13 76 77 51 121 122 18 82 83 57 127 128 21 88 89 63 132 133 26 94 95 69 138 139 31 100 101 75 143 144 37 106 107 81 148 149 42 112 113 87 151 152 48 118 119 93 156 157 54 124 125 99 159 160 60 130 131 105 162 66 135 136 111 163 164 72 141 142 117 166 78 146 147 123 167 84 150 129 90 154 155 134 168 96 158 140 102 161 145 108 114 165 153 120 126 137 
15 23 28 6 33 34 39 10 44 45 13 50 51 17 18 55 56 57 21 62 63 25 26 67 68 69 30 31 73 74 75 35 36 37 79 80 81 41 42 85 86 87 46 47 48 91 92 93 52 53 54 97 98 99 58 59 60 103 104 105 64 65 66 109 110 111 70 71 72 115 116 117 76 77 78 121 122 123 82 83 84 127 128 129 88 89 90 132 133 134 94 95 96 138 139 140 100 101 102 143 144 145 106 107 108 148 149 4 112 113 114 151 152 153 118 119 120 156 157 8 124 125 126 159 160 11 130 131 1 162 14 135 136 137 163 164 19 141 142 2 166 22 146 147 3 167 27 150 5 32 154 155 7 168 38 158 9 43 161 12 49 16 165 20 61 24 29 40 
16 24 29 32 1 35 40 43 2 46 49 3 52 4 55 5 6 58 61 7 64 8 67 9 10 70 11 73 12 13 76 14 15 79 17 18 82 19 85 20 21 88 22 23 91 25 26 94 27 28 97 30 31 100 33 34 103 36 37 106 38 39 109 41 42 112 44 45 115 47 48 118 50 51 121 53 54 124 56 57 127 59 60 130 62 63 132 65 66 135 68 69 138 71 72 141 74 75 143 77 78 146 80 81 148 83 84 150 86 87 151 89 90 154 92 93 156 95 96 158 98 99 159 101 102 161 104 105 162 107 108 110 111 163 113 114 165 116 117 166 119 120 122 123 167 125 126 128 129 131 133 134 168 136 137 139 140 142 144 145 147 149 152 153 155 157 160 164 
17 25 30 33 35 36 41 44 46 47 50 52 53 55 56 6 58 59 62 64 65 67 68 10 70 71 73 74 13 76 77 15 79 80 18 82 83 85 86 21 88 89 23 91 92 26 94 95 28 97 98 31 100 101 34 103 104 37 106 107 39 109 110 42 112 113 45 115 116 48 118 119 51 121 122 54 124 125 57 127 128 60 130 131 63 132 133 66 135 136 69 138 139 72 141 142 75 143 144 78 146 147 81 148 149 84 150 5 87 151 152 90 154 155 93 156 157 96 158 9 99 159 160 102 161 12 105 162 14 108 16 111 163 164 114 165 20 117 166 22 120 24 123 167 27 126 29 129 32 1 134 168 38 137 40 140 43 2 145 49 3 4 153 61 7 8 11 19 
18 26 31 34 36 37 42 45 47 48 51 53 54 56 57 58 59 60 63 65 66 68 69 70 71 72 74 75 76 77 78 79 80 81 82 83 84 86 87 88 89 90 91 92 93 94 95 96 97 98 99 100 101 102 103 104 105 106 107 108 109 110 111 112 113 114 115 116 117 118 119 120 121 122 123 124 125 126 127 128 129 130 131 1 132 133 134 135 136 137 138 139 140 141 142 2 143 144 145 146 147 3 148 149 4 150 5 6 151 152 153 154 155 7 156 157 8 158 9 10 159 160 11 161 12 13 162 14 15 16 17 163 164 19 165 20 21 166 22 23 24 25 167 27 28 29 30 32 33 35 168 38 39 40 41 43 44 46 49 50 52 55 61 62 64 67 73 85 
19 11 8 7 38 39 4 3 27 28 2 22 23 20 21 61 62 63 1 14 15 12 13 49 50 51 9 10 43 44 45 40 41 42 85 86 87 5 6 32 33 34 29 30 31 73 74 75 24 25 26 67 68 69 64 65 66 109 110 111 16 17 18 55 56 57 52 53 54 97 98 99 46 47 48 91 92 93 88 89 90 132 133 134 35 36 37 79 80 81 76 77 78 121 122 123 70 71 72 115 116 117 112 113 114 151 152 153 58 59 60 103 104 105 100 101 102 143 144 145 94 95 96 138 139 140 135 136 137 163 164 82 83 84 127 128 129 124 125 126 159 160 118 119 120 156 157 154 155 168 106 107 108 148 149 146 147 167 141 142 166 165 130 131 162 161 158 150 
20 12 9 38 40 41 5 27 29 30 22 24 25 61 62 7 64 65 14 16 17 49 50 3 52 53 43 44 2 46 47 19 85 86 21 88 89 32 33 1 35 36 11 73 74 13 76 77 8 67 68 10 70 71 39 109 110 42 112 113 4 55 56 6 58 59 28 97 98 31 100 101 23 91 92 26 94 95 63 132 133 66 135 136 15 79 80 18 82 83 51 121 122 54 124 125 45 115 116 48 118 119 87 151 152 90 154 155 34 103 104 37 106 107 75 143 144 78 146 147 69 138 139 72 141 142 111 163 164 114 165 57 127 128 60 130 131 99 159 160 102 161 93 156 157 96 158 134 168 137 81 148 149 84 150 123 167 126 117 166 120 153 105 162 108 145 140 129 
21 13 10 39 41 42 6 28 30 31 23 25 26 62 63 64 65 66 15 17 18 50 51 52 53 54 44 45 46 47 48 85 86 87 88 89 90 33 34 35 36 37 73 74 75 76 77 78 67 68 69 70 71 72 109 110 111 112 113 114 55 56 57 58 59 60 97 98 99 100 101 102 91 92 93 94 95 96 132 133 134 135 136 137 79 80 81 82 83 84 121 122 123 124 125 126 115 116 117 118 119 120 151 152 153 154 155 7 103 104 105 106 107 108 143 144 145 146 147 3 138 139 140 141 142 2 163 164 19 165 20 127 128 129 130 131 1 159 160 11 161 12 156 157 8 158 9 168 38 40 148 149 4 150 5 167 27 29 166 22 24 61 162 14 16 49 43 32 
22 14 38 9 43 44 27 5 32 33 20 61 62 24 25 8 67 68 12 49 50 16 17 4 55 56 40 41 19 85 86 2 46 47 23 91 92 29 30 11 73 74 1 35 36 15 79 80 7 64 65 39 109 110 10 70 71 45 115 116 3 52 53 28 97 98 6 58 59 34 103 104 21 88 89 63 132 133 26 94 95 69 138 139 13 76 77 51 121 122 18 82 83 57 127 128 42 112 113 87 151 152 48 118 119 93 156 157 31 100 101 75 143 144 37 106 107 81 148 149 66 135 136 111 163 164 72 141 142 117 166 54 124 125 99 159 160 60 130 131 105 162 90 154 155 134 168 96 158 140 78 146 147 123 167 84 150 129 114 165 153 120 102 161 145 108 137 126 
23 15 39 10 44 45 28 6 33 34 21 62 63 25 26 67 68 69 13 50 51 17 18 55 56 57 41 42 85 86 87 46 47 48 91 92 93 30 31 73 74 75 35 36 37 79 80 81 64 65 66 109 110 111 70 71 72 115 116 117 52 53 54 97 98 99 58 59 60 103 104 105 88 89 90 132 133 134 94 95 96 138 139 140 76 77 78 121 122 123 82 83 84 127 128 129 112 113 114 151 152 153 118 119 120 156 157 8 100 101 102 143 144 145 106 107 108 148 149 4 135 136 137 163 164 19 141 142 2 166 22 124 125 126 159 160 11 130 131 1 162 14 154 155 7 168 38 158 9 43 146 147 3 167 27 150 5 32 165 20 61 24 161 12 49 16 40 29 
24 16 40 43 2 46 29 32 1 35 61 7 64 8 67 9 10 70 49 3 52 4 55 5 6 58 19 85 20 21 88 22 23 91 25 26 94 11 73 12 13 76 14 15 79 17 18 82 38 39 109 41 42 112 44 45 115 47 48 118 27 28 97 30 31 100 33 34 103 36 37 106 62 63 132 65 66 135 68 69 138 71 72 141 50 51 121 53 54 124 56 57 127 59 60 130 86 87 151 89 90 154 92 93 156 95 96 158 74 75 143 77 78 146 80 81 148 83 84 150 110 111 163 113 114 165 116 117 166 119 120 98 99 159 101 102 161 104 105 162 107 108 133 134 168 136 137 139 140 142 122 123 167 125 126 128 129 131 152 153 155 157 144 145 147 149 164 160 
25 17 41 44 46 47 30 33 35 36 62 64 65 67 68 10 70 71 50 52 53 55 56 6 58 59 85 86 21 88 89 23 91 92 26 94 95 73 74 13 76 77 15 79 80 18 82 83 39 109 110 42 112 113 45 115 116 48 118 119 28 97 98 31 100 101 34 103 104 37 106 107 63 132 133 66 135 136 69 138 139 72 141 142 51 121 122 54 124 125 57 127 128 60 130 131 87 151 152 90 154 155 93 156 157 96 158 9 75 143 144 78 146 147 81 148 149 84 150 5 111 163 164 114 165 20 117 166 22 120 24 99 159 160 102 161 12 105 162 14 108 16 134 168 38 137 40 140 43 2 123 167 27 126 29 129 32 1 153 61 7 8 145 49 3 4 19 11 
26 18 42 45 47 48 31 34 36 37 63 65 66 68 69 70 71 72 51 53 54 56 57 58 59 60 86 87 88 89 90 91 92 93 94 95 96 74 75 76 77 78 79 80 81 82 83 84 109 110 111 112 113 114 115 116 117 118 119 120 97 98 99 100 101 102 103 104 105 106 107 108 132 133 134 135 136 137 138 139 140 141 142 2 121 122 123 124 125 126 127 128 129 130 131 1 151 152 153 154 155 7 156 157 8 158 9 10 143 144 145 146 147 3 148 149 4 150 5 6 163 164 19 165 20 21 166 22 23 24 25 159 160 11 161 12 13 162 14 15 16 17 168 38 39 40 41 43 44 46 167 27 28 29 30 32 33 35 61 62 64 67 49 50 52 55 85 73 
27 38 14 12 49 50 22 20 61 62 5 32 33 29 30 11 73 74 9 43 44 40 41 19 85 86 16 17 4 55 56 3 52 53 28 97 98 24 25 8 67 68 7 64 65 39 109 110 1 35 36 15 79 80 13 76 77 51 121 122 2 46 47 23 91 92 21 88 89 63 132 133 6 58 59 34 103 104 31 100 101 75 143 144 10 70 71 45 115 116 42 112 113 87 151 152 18 82 83 57 127 128 54 124 125 99 159 160 26 94 95 69 138 139 66 135 136 111 163 164 37 106 107 81 148 149 78 146 147 123 167 48 118 119 93 156 157 90 154 155 134 168 60 130 131 105 162 102 161 145 72 141 142 117 166 114 165 153 84 150 129 126 96 158 140 137 108 120 
28 39 15 13 50 51 23 21 62 63 6 33 34 30 31 73 74 75 10 44 45 41 42 85 86 87 17 18 55 56 57 52 53 54 97 98 99 25 26 67 68 69 64 65 66 109 110 111 35 36 37 79 80 81 76 77 78 121 122 123 46 47 48 91 92 93 88 89 90 132 133 134 58 59 60 103 104 105 100 101 102 143 144 145 70 71 72 115 116 117 112 113 114 151 152 153 82 83 84 127 128 129 124 125 126 159 160 11 94 95 96 138 139 140 135 136 137 163 164 19 106 107 108 148 149 4 146 147 3 167 27 118 119 120 156 157 8 154 155 7 168 38 130 131 1 162 14 161 12 49 141 142 2 166 22 165 20 61 150 5 32 29 158 9 43 40 16 24 
29 40 16 49 3 52 24 61 7 64 32 1 35 11 73 12 13 76 43 2 46 19 85 20 21 88 4 55 5 6 58 27 28 97 30 31 100 8 67 9 10 70 38 39 109 41 42 112 14 15 79 17 18 82 50 51 121 53 54 124 22 23 91 25 26 94 62 63 132 65 66 135 33 34 103 36 37 106 74 75 143 77 78 146 44 45 115 47 48 118 86 87 151 89 90 154 56 57 127 59 60 130 98 99 159 101 102 161 68 69 138 71 72 141 110 111 163 113 114 165 80 81 148 83 84 150 122 123 167 125 126 92 93 156 95 96 158 133 134 168 136 137 104 105 162 107 108 144 145 147 116 117 166 119 120 152 153 155 128 129 131 160 139 140 142 164 149 157 
30 41 17 50 52 53 25 62 64 65 33 35 36 73 74 13 76 77 44 46 47 85 86 21 88 89 55 56 6 58 59 28 97 98 31 100 101 67 68 10 70 71 39 109 110 42 112 113 15 79 80 18 82 83 51 121 122 54 124 125 23 91 92 26 94 95 63 132 133 66 135 136 34 103 104 37 106 107 75 143 144 78 146 147 45 115 116 48 118 119 87 151 152 90 154 155 57 127 128 60 130 131 99 159 160 102 161 12 69 138 139 72 141 142 111 163 164 114 165 20 81 148 149 84 150 5 123 167 27 126 29 93 156 157 96 158 9 134 168 38 137 40 105 162 14 108 16 145 49 3 117 166 22 120 24 153 61 7 129 32 1 11 140 43 2 19 4 8 
31 42 18 51 53 54 26 63 65 66 34 36 37 74 75 76 77 78 45 47 48 86 87 88 89 90 56 57 58 59 60 97 98 99 100 101 102 68 69 70 71 72 109 110 111 112 113 114 79 80 81 82 83 84 121 122 123 124 125 126 91 92 93 94 95 96 132 133 134 135 136 137 103 104 105 106 107 108 143 144 145 146 147 3 115 116 117 118 119 120 151 152 153 154 155 7 127 128 129 130 131 1 159 160 11 161 12 13 138 139 140 141 142 2 163 164 19 165 20 21 148 149 4 150 5 6 167 27 28 29 30 156 157 8 158 9 10 168 38 39 40 41 162 14 15 16 17 49 50 52 166 22 23 24 25 61 62 64 32 33 35 73 43 44 46 85 55 67 
32 43 49 16 4 55 61 24 8 67 29 11 73 1 35 14 15 79 40 19 85 2 46 22 23 91 3 52 27 28 97 5 6 58 33 34 103 7 64 38 39 109 9 10 70 44 45 115 12 13 76 50 51 121 17 18 82 56 57 127 20 21 88 62 63 132 25 26 94 68 69 138 30 31 100 74 75 143 36 37 106 80 81 148 41 42 112 86 87 151 47 48 118 92 93 156 53 54 124 98 99 159 59 60 130 104 105 162 65 66 135 110 111 163 71 72 141 116 117 166 77 78 146 122 123 167 83 84 150 128 129 89 90 154 133 134 168 95 96 158 139 140 101 102 161 144 145 107 108 149 113 114 165 152 153 119 120 157 125 126 160 131 136 137 164 142 147 155 
33 44 50 17 55 56 62 25 67 68 30 73 74 35 36 15 79 80 41 85 86 46 47 23 91 92 52 53 28 97 98 6 58 59 34 103 104 64 65 39 109 110 10 70 71 45 115 116 13 76 77 51 121 122 18 82 83 57 127 128 21 88 89 63 132 133 26 94 95 69 138 139 31 100 101 75 143 144 37 106 107 81 148 149 42 112 113 87 151 152 48 118 119 93 156 157 54 124 125 99 159 160 60 130 131 105 162 14 66 135 136 111 163 164 72 141 142 117 166 22 78 146 147 123 167 27 84 150 5 129 32 90 154 155 134 168 38 96 158 9 140 43 102 161 12 145 49 108 16 4 114 165 20 153 61 120 24 8 126 29 11 1 137 40 19 2 3 7 
34 45 51 18 56 57 63 26 68 69 31 74 75 36 37 79 80 81 42 86 87 47 48 91 92 93 53 54 97 98 99 58 59 60 103 104 105 65 66 109 110 111 70 71 72 115 116 117 76 77 78 121 122 123 82 83 84 127 128 129 88 89 90 132 133 134 94 95 96 138 139 140 100 101 102 143 144 145 106 107 108 148 149 4 112 113 114 151 152 153 118 119 120 156 157 8 124 125 126 159 160 11 130 131 1 162 14 15 135 136 137 163 164 19 141 142 2 166 22 23 146 147 3 167 27 28 150 5 6 32 33 154 155 7 168 38 39 158 9 10 43 44 161 12 13 49 50 16 17 55 165 20 21 61 62 24 25 67 29 30 73 35 40 41 85 46 52 64 
35 46 52 55 6 58 64 67 10 70 73 13 76 15 79 17 18 82 85 21 88 23 91 25 26 94 28 97 30 31 100 33 34 103 36 37 106 39 109 41 42 112 44 45 115 47 48 118 50 51 121 53 54 124 56 57 127 59 60 130 62 63 132 65 66 135 68 69 138 71 72 141 74 75 143 77 78 146 80 81 148 83 84 150 86 87 151 89 90 154 92 93 156 95 96 158 98 99 159 101 102 161 104 105 162 107 108 16 110 111 163 113 114 165 116 117 166 119 120 24 122 123 167 125 126 29 128 129 32 131 1 133 134 168 136 137 40 139 140 43 142 2 144 145 49 147 3 149 4 5 152 153 61 155 7 157 8 9 160 11 12 14 164 19 20 22 27 38 
36 47 53 56 58 59 65 68 70 71 74 76 77 79 80 18 82 83 86 88 89 91 92 26 94 95 97 98 31 100 101 34 103 104 37 106 107 109 110 42 112 113 45 115 116 48 118 119 51 121 122 54 124 125 57 127 128 60 130 131 63 132 133 66 135 136 69 138 139 72 141 142 75 143 144 78 146 147 81 148 149 84 150 5 87 151 152 90 154 155 93 156 157 96 158 9 99 159 160 102 161 12 105 162 14 108 16 17 111 163 164 114 165 20 117 166 22 120 24 25 123 167 27 126 29 30 129 32 33 1 35 134 168 38 137 40 41 140 43 44 2 46 145 49 50 3 52 4 55 6 153 61 62 7 64 8 67 10 11 73 13 15 19 85 21 23 28 39 
37 48 54 57 59 60 66 69 71 72 75 77 78 80 81 82 83 84 87 89 90 92 93 94 95 96 98 99 100 101 102 103 104 105 106 107 108 110 111 112 113 114 115 116 117 118 119 120 121 122 123 124 125 126 127 128 129 130 131 1 132 133 134 135 136 137 138 139 140 141 142 2 143 144 145 146 147 3 148 149 4 150 5 6 151 152 153 154 155 7 156 157 8 158 9 10 159 160 11 161 12 13 162 14 15 16 17 18 163 164 19 165 20 21 166 22 23 24 25 26 167 27 28 29 30 31 32 33 34 35 36 168 38 39 40 41 42 43 44 45 46 47 49 50 51 52 53 55 56 58 61 62 63 64 65 67 68 70 73 74 76 79 85 86 88 91 97 109 
38 27 22 20 61 62 14 12 49 50 9 43 44 40 41 19 85 86 5 32 33 29 30 11 73 74 24 25 8 67 68 7 64 65 39 109 110 16 17 4 55 56 3 52 53 28 97 98 2 46 47 23 91 92 21 88 89 63 132 133 1 35 36 15 79 80 13 76 77 51 121 122 10 70 71 45 115 116 42 112 113 87 151 152 6 58 59 34 103 104 31 100 101 75 143 144 26 94 95 69 138 139 66 135 136 111 163 164 18 82 83 57 127 128 54 124 125 99 159 160 48 118 119 93 156 157 90 154 155 134 168 37 106 107 81 148 149 78 146 147 123 167 72 141 142 117 166 114 165 153 60 130 131 105 162 102 161 145 96 158 140 137 84 150 129 126 120 108 
39 28 23 21 62 63 15 13 50 51 10 44 45 41 42 85 86 87 6 33 34 30 31 73 74 75 25 26 67 68 69 64 65 66 109 110 111 17 18 55 56 57 52 53 54 97 98 99 46 47 48 91 92 93 88 89 90 132 133 134 35 36 37 79 80 81 76 77 78 121 122 123 70 71 72 115 116 117 112 113 114 151 152 153 58 59 60 103 104 105 100 101 102 143 144 145 94 95 96 138 139 140 135 136 137 163 164 19 82 83 84 127 128 129 124 125 126 159 160 11 118 119 120 156 157 8 154 155 7 168 38 106 107 108 148 149 4 146 147 3 167 27 141 142 2 166 22 165 20 61 130 131 1 162 14 161 12 49 158 9 43 40 150 5 32 29 24 16 
40 29 24 61 7 64 16 49 3 52 43 2 46 19 85 20 21 88 32 1 35 11 73 12 13 76 8 67 9 10 70 38 39 109 41 42 112 4 55 5 6 58 27 28 97 30 31 100 22 23 91 25 26 94 62 63 132 65 66 135 14 15 79 17 18 82 50 51 121 53 54 124 44 45 115 47 48 118 86 87 151 89 90 154 33 34 103 36 37 106 74 75 143 77 78 146 68 69 138 71 72 141 110 111 163 113 114 165 56 57 127 59 60 130 98 99 159 101 102 161 92 93 156 95 96 158 133 134 168 136 137 80 81 148 83 84 150 122 123 167 125 126 116 117 166 119 120 152 153 155 104 105 162 107 108 144 145 147 139 140 142 164 128 129 131 160 157 149 
41 30 25 62 64 65 17 50 52 53 44 46 47 85 86 21 88 89 33 35 36 73 74 13 76 77 67 68 10 70 71 39 109 110 42 112 113 55 56 6 58 59 28 97 98 31 100 101 23 91 92 26 94 95 63 132 133 66 135 136 15 79 80 18 82 83 51 121 122 54 124 125 45 115 116 48 118 119 87 151 152 90 154 155 34 103 104 37 106 107 75 143 144 78 146 147 69 138 139 72 141 142 111 163 164 114 165 20 57 127 128 60 130 131 99 159 160 102 161 12 93 156 157 96 158 9 134 168 38 137 40 81 148 149 84 150 5 123 167 27 126 29 117 166 22 120 24 153 61 7 105 162 14 108 16 145 49 3 140 43 2 19 129 32 1 11 8 4 
42 31 26 63 65 66 18 51 53 54 45 47 48 86 87 88 89 90 34 36 37 74 75 76 77 78 68 69 70 71 72 109 110 111 112 113 114 56 57 58 59 60 97 98 99 100 101 102 91 92 93 94 95 96 132 133 134 135 136 137 79 80 81 82 83 84 121 122 123 124 125 126 115 116 117 118 119 120 151 152 153 154 155 7 103 104 105 106 107 108 143 144 145 146 147 3 138 139 140 141 142 2 163 164 19 165 20 21 127 128 129 130 131 1 159 160 11 161 12 13 156 157 8 158 9 10 168 38 39 40 41 148 149 4 150 5 6 167 27 28 29 30 166 22 23 24 25 61 62 64 162 14 15 16 17 49 50 52 43 44 46 85 32 33 35 73 67 55 
43 32 61 24 8 67 49 16 4 55 40 19 85 2 46 22 23 91 29 11 73 1 35 14 15 79 7 64 38 39 109 9 10 70 44 45 115 3 52 27 28 97 5 6 58 33 34 103 20 21 88 62 63 132 25 26 94 68 69 138 12 13 76 50 51 121 17 18 82 56 57 127 41 42 112 86 87 151 47 48 118 92 93 156 30 31 100 74 75 143 36 37 106 80 81 148 65 66 135 110 111 163 71 72 141 116 117 166 53 54 124 98 99 159 59 60 130 104 105 162 89 90 154 133 134 168 95 96 158 139 140 77 78 146 122 123 167 83 84 150 128 129 113 114 165 152 153 119 120 157 101 102 161 144 145 107 108 149 136 137 164 142 125 126 160 131 155 147 
44 33 62 25 67 68 50 17 55 56 41 85 86 46 47 23 91 92 30 73 74 35 36 15 79 80 64 65 39 109 110 10 70 71 45 115 116 52 53 28 97 98 6 58 59 34 103 104 21 88 89 63 132 133 26 94 95 69 138 139 13 76 77 51 121 122 18 82 83 57 127 128 42 112 113 87 151 152 48 118 119 93 156 157 31 100 101 75 143 144 37 106 107 81 148 149 66 135 136 111 163 164 72 141 142 117 166 22 54 124 125 99 159 160 60 130 131 105 162 14 90 154 155 134 168 38 96 158 9 140 43 78 146 147 123 167 27 84 150 5 129 32 114 165 20 153 61 120 24 8 102 161 12 145 49 108 16 4 137 40 19 2 126 29 11 1 7 3 
45 34 63 26 68 69 51 18 56 57 42 86 87 47 48 91 92 93 31 74 75 36 37 79 80 81 65 66 109 110 111 70 71 72 115 116 117 53 54 97 98 99 58 59 60 103 104 105 88 89 90 132 133 134 94 95 96 138 139 140 76 77 78 121 122 123 82 83 84 127 128 129 112 113 114 151 152 153 118 119 120 156 157 8 100 101 102 143 144 145 106 107 108 148 149 4 135 136 137 163 164 19 141 142 2 166 22 23 124 125 126 159 160 11 130 131 1 162 14 15 154 155 7 168 38 39 158 9 10 43 44 146 147 3 167 27 28 150 5 6 32 33 165 20 21 61 62 24 25 67 161 12 13 49 50 16 17 55 40 41 85 46 29 30 73 35 64 52 
46 35 64 67 10 70 52 55 6 58 85 21 88 23 91 25 26 94 73 13 76 15 79 17 18 82 39 109 41 42 112 44 45 115 47 48 118 28 97 30 31 100 33 34 103 36 37 106 62 63 132 65 66 135 68 69 138 71 72 141 50 51 121 53 54 124 56 57 127 59 60 130 86 87 151 89 90 154 92 93 156 95 96 158 74 75 143 77 78 146 80 81 148 83 84 150 110 111 163 113 114 165 116 117 166 119 120 24 98 99 159 101 102 161 104 105 162 107 108 16 133 134 168 136 137 40 139 140 43 142 2 122 123 167 125 126 29 128 129 32 131 1 152 153 61 155 7 157 8 9 144 145 49 147 3 149 4 5 164 19 20 22 160 11 12 14 38 27 
47 36 65 68 70 71 53 56 58 59 86 88 89 91 92 26 94 95 74 76 77 79 80 18 82 83 109 110 42 112 113 45 115 116 48 118 119 97 98 31 100 101 34 103 104 37 106 107 63 132 133 66 135 136 69 138 139 72 141 142 51 121 122 54 124 125 57 127 128 60 130 131 87 151 152 90 154 155 93 156 157 96 158 9 75 143 144 78 146 147 81 148 149 84 150 5 111 163 164 114 165 20 117 166 22 120 24 25 99 159 160 102 161 12 105 162 14 108 16 17 134 168 38 137 40 41 140 43 44 2 46 123 167 27 126 29 30 129 32 33 1 35 153 61 62 7 64 8 67 10 145 49 50 3 52 4 55 6 19 85 21 23 11 73 13 15 39 28 
48 37 66 69 71 72 54 57 59 60 87 89 90 92 93 94 95 96 75 77 78 80 81 82 83 84 110 111 112 113 114 115 116 117 118 119 120 98 99 100 101 102 103 104 105 106 107 108 132 133 134 135 136 137 138 139 140 141 142 2 121 122 123 124 125 126 127 128 129 130 131 1 151 152 153 154 155 7 156 157 8 158 9 10 143 144 145 146 147 3 148 149 4 150 5 6 163 164 19 165 20 21 166 22 23 24 25 26 159 160 11 161 12 13 162 14 15 16 17 18 168 38 39 40 41 42 43 44 45 46 47 167 27 28 29 30 31 32 33 34 35 36 61 62 63 64 65 67 68 70 49 50 51 52 53 55 56 58 85 86 88 91 73 74 76 79 109 97 
49 61 32 29 11 73 43 40 19 85 16 4 55 3 52 27 28 97 24 8 67 7 64 38 39 109 1 35 14 15 79 12 13 76 50 51 121 2 46 22 23 91 20 21 88 62 63 132 5 6 58 33 34 103 30 31 100 74 75 143 9 10 70 44 45 115 41 42 112 86 87 151 17 18 82 56 57 127 53 54 124 98 99 159 25 26 94 68 69 138 65 66 135 110 111 163 36 37 106 80 81 148 77 78 146 122 123 167 47 48 118 92 93 156 89 90 154 133 134 168 59 60 130 104 105 162 101 102 161 144 145 71 72 141 116 117 166 113 114 165 152 153 83 84 150 128 129 125 126 160 95 96 158 139 140 136 137 164 107 108 149 147 119 120 157 155 131 142 
50 62 33 30 73 74 44 41 85 86 17 55 56 52 53 28 97 98 25 67 68 64 65 39 109 110 35 36 15 79 80 13 76 77 51 121 122 46 47 23 91 92 21 88 89 63 132 133 6 58 59 34 103 104 31 100 101 75 143 144 10 70 71 45 115 116 42 112 113 87 151 152 18 82 83 57 127 128 54 124 125 99 159 160 26 94 95 69 138 139 66 135 136 111 163 164 37 106 107 81 148 149 78 146 147 123 167 27 48 118 119 93 156 157 90 154 155 134 168 38 60 130 131 105 162 14 102 161 12 145 49 72 141 142 117 166 22 114 165 20 153 61 84 150 5 129 32 126 29 11 96 158 9 140 43 137 40 19 108 16 4 3 120 24 8 7 1 2 
51 63 34 31 74 75 45 42 86 87 18 56 57 53 54 97 98 99 26 68 69 65 66 109 110 111 36 37 79 80 81 76 77 78 121 122 123 47 48 91 92 93 88 89 90 132 133 134 58 59 60 103 104 105 100 101 102 143 144 145 70 71 72 115 116 117 112 113 114 151 152 153 82 83 84 127 128 129 124 125 126 159 160 11 94 95 96 138 139 140 135 136 137 163 164 19 106 107 108 148 149 4 146 147 3 167 27 28 118 119 120 156 157 8 154 155 7 168 38 39 130 131 1 162 14 15 161 12 13 49 50 141 142 2 166 22 23 165 20 21 61 62 150 5 6 32 33 29 30 73 158 9 10 43 44 40 41 85 16 17 55 52 24 25 67 64 35 46 
52 64 35 73 13 76 46 85 21 88 55 6 58 28 97 30 31 100 67 10 70 39 109 41 42 112 15 79 17 18 82 50 51 121 53 54 124 23 91 25 26 94 62 63 132 65 66 135 33 34 103 36 37 106 74 75 143 77 78 146 44 45 115 47 48 118 86 87 151 89 90 154 56 57 127 59 60 130 98 99 159 101 102 161 68 69 138 71 72 141 110 111 163 113 114 165 80 81 148 83 84 150 122 123 167 125 126 29 92 93 156 95 96 158 133 134 168 136 137 40 104 105 162 107 108 16 144 145 49 147 3 116 117 166 119 120 24 152 153 61 155 7 128 129 32 131 1 160 11 12 139 140 43 142 2 164 19 20 149 4 5 27 157 8 9 38 14 22 
53 65 36 74 76 77 47 86 88 89 56 58 59 97 98 31 100 101 68 70 71 109 110 42 112 113 79 80 18 82 83 51 121 122 54 124 125 91 92 26 94 95 63 132 133 66 135 136 34 103 104 37 106 107 75 143 144 78 146 147 45 115 116 48 118 119 87 151 152 90 154 155 57 127 128 60 130 131 99 159 160 102 161 12 69 138 139 72 141 142 111 163 164 114 165 20 81 148 149 84 150 5 123 167 27 126 29 30 93 156 157 96 158 9 134 168 38 137 40 41 105 162 14 108 16 17 145 49 50 3 52 117 166 22 120 24 25 153 61 62 7 64 129 32 33 1 35 11 73 13 140 43 44 2 46 19 85 21 4 55 6 28 8 67 10 39 15 23 
54 66 37 75 77 78 48 87 89 90 57 59 60 98 99 100 101 102 69 71 72 110 111 112 113 114 80 81 82 83 84 121 122 123 124 125 126 92 93 94 95 96 132 133 134 135 136 137 103 104 105 106 107 108 143 144 145 146 147 3 115 116 117 118 119 120 151 152 153 154 155 7 127 128 129 130 131 1 159 160 11 161 12 13 138 139 140 141 142 2 163 164 19 165 20 21 148 149 4 150 5 6 167 27 28 29 30 31 156 157 8 158 9 10 168 38 39 40 41 42 162 14 15 16 17 18 49 50 51 52 53 166 22 23 24 25 26 61 62 63 64 65 32 33 34 35 36 73 74 76 43 44 45 46 47 85 86 88 55 56 58 97 67 68 70 109 79 91 
55 67 73 35 15 79 85 46 23 91 52 28 97 6 58 33 34 103 64 39 109 10 70 44 45 115 13 76 50 51 121 17 18 82 56 57 127 21 88 62 63 132 25 26 94 68 69 138 30 31 100 74 75 143 36 37 106 80 81 148 41 42 112 86 87 151 47 48 118 92 93 156 53 54 124 98 99 159 59 60 130 104 105 162 65 66 135 110 111 163 71 72 141 116 117 166 77 78 146 122 123 167 83 84 150 128 129 32 89 90 154 133 134 168 95 96 158 139 140 43 101 102 161 144 145 49 107 108 16 149 4 113 114 165 152 153 61 119 120 24 157 8 125 126 29 160 11 131 1 14 136 137 40 164 19 142 2 22 147 3 27 5 155 7 38 9 12 20 
56 68 74 36 79 80 86 47 91 92 53 97 98 58 59 34 103 104 65 109 110 70 71 45 115 116 76 77 51 121 122 18 82 83 57 127 128 88 89 63 132 133 26 94 95 69 138 139 31 100 101 75 143 144 37 106 107 81 148 149 42 112 113 87 151 152 48 118 119 93 156 157 54 124 125 99 159 160 60 130 131 105 162 14 66 135 136 111 163 164 72 141 142 117 166 22 78 146 147 123 167 27 84 150 5 129 32 33 90 154 155 134 168 38 96 158 9 140 43 44 102 161 12 145 49 50 108 16 17 4 55 114 165 20 153 61 62 120 24 25 8 67 126 29 30 11 73 1 35 15 137 40 41 19 85 2 46 23 3 52 28 6 7 64 39 10 13 21 
57 69 75 37 80 81 87 48 92 93 54 98 99 59 60 103 104 105 66 110 111 71 72 115 116 117 77 78 121 122 123 82 83 84 127 128 129 89 90 132 133 134 94 95 96 138 139 140 100 101 102 143 144 145 106 107 108 148 149 4 112 113 114 151 152 153 118 119 120 156 157 8 124 125 126 159 160 11 130 131 1 162 14 15 135 136 137 163 164 19 141 142 2 166 22 23 146 147 3 167 27 28 150 5 6 32 33 34 154 155 7 168 38 39 158 9 10 43 44 45 161 12 13 49 50 51 16 17 18 55 56 165 20 21 61 62 63 24 25 26 67 68 29 30 31 73 74 35 36 79 40 41 42 85 86 46 47 91 52 53 97 58 64 65 109 70 76 88 
58 70 76 79 18 82 88 91 26 94 97 31 100 34 103 36 37 106 109 42 112 45 115 47 48 118 51 121 53 54 124 56 57 127 59 60 130 63 132 65 66 135 68 69 138 71 72 141 74 75 143 77 78 146 80 81 148 83 84 150 86 87 151 89 90 154 92 93 156 95 96 158 98 99 159 101 102 161 104 105 162 107 108 16 110 111 163 113 114 165 116 117 166 119 120 24 122 123 167 125 126 29 128 129 32 131 1 35 133 134 168 136 137 40 139 140 43 142 2 46 144 145 49 147 3 52 149 4 55 5 6 152 153 61 155 7 64 157 8 67 9 10 160 11 73 12 13 14 15 17 164 19 85 20 21 22 23 25 27 28 30 33 38 39 41 44 50 62 
59 71 77 80 82 83 89 92 94 95 98 100 101 103 104 37 106 107 110 112 113 115 116 48 118 119 121 122 54 124 125 57 127 128 60 130 131 132 133 66 135 136 69 138 139 72 141 142 75 143 144 78 146 147 81 148 149 84 150 5 87 151 152 90 154 155 93 156 157 96 158 9 99 159 160 102 161 12 105 162 14 108 16 17 111 163 164 114 165 20 117 166 22 120 24 25 123 167 27 126 29 30 129 32 33 1 35 36 134 168 38 137 40 41 140 43 44 2 46 47 145 49 50 3 52 53 4 55 56 6 58 153 61 62 7 64 65 8 67 68 10 70 11 73 74 13 76 15 79 18 19 85 86 21 88 23 91 26 28 97 31 34 39 109 42 45 51 63 
60 72 78 81 83 84 90 93 95 96 99 101 102 104 105 106 107 108 111 113 114 116 117 118 119 120 122 123 124 125 126 127 128 129 130 131 1 133 134 135 136 137 138 139 140 141 142 2 143 144 145 146 147 3 148 149 4 150 5 6 151 152 153 154 155 7 156 157 8 158 9 10 159 160 11 161 12 13 162 14 15 16 17 18 163 164 19 165 20 21 166 22 23 24 25 26 167 27 28 29 30 31 32 33 34 35 36 37 168 38 39 40 41 42 43 44 45 46 47 48 49 50 51 52 53 54 55 56 57 58 59 61 62 63 64 65 66 67 68 69 70 71 73 74 75 76 77 79 80 82 85 86 87 88 89 91 92 94 97 98 100 103 109 110 112 115 121 132 
61 49 43 40 19 85 32 29 11 73 24 8 67 7 64 38 39 109 16 4 55 3 52 27 28 97 2 46 22 23 91 20 21 88 62 63 132 1 35 14 15 79 12 13 76 50 51 121 9 10 70 44 45 115 41 42 112 86 87 151 5 6 58 33 34 103 30 31 100 74 75 143 25 26 94 68 69 138 65 66 135 110 111 163 17 18 82 56 57 127 53 54 124 98 99 159 47 48 118 92 93 156 89 90 154 133 134 168 36 37 106 80 81 148 77 78 146 122 123 167 71 72 141 116 117 166 113 114 165 152 153 59 60 130 104 105 162 101 102 161 144 145 95 96 158 139 140 136 137 164 83 84 150 128 129 125 126 160 119 120 157 155 107 108 149 147 142 131 
62 50 44 41 85 86 33 30 73 74 25 67 68 64 65 39 109 110 17 55 56 52 53 28 97 98 46 47 23 91 92 21 88 89 63 132 133 35 36 15 79 80 13 76 77 51 121 122 10 70 71 45 115 116 42 112 113 87 151 152 6 58 59 34 103 104 31 100 101 75 143 144 26 94 95 69 138 139 66 135 136 111 163 164 18 82 83 57 127 128 54 124 125 99 159 160 48 118 119 93 156 157 90 154 155 134 168 38 37 106 107 81 148 149 78 146 147 123 167 27 72 141 142 117 166 22 114 165 20 153 61 60 130 131 105 162 14 102 161 12 145 49 96 158 9 140 43 137 40 19 84 150 5 129 32 126 29 11 120 24 8 7 108 16 4 3 2 1 
63 51 45 42 86 87 34 31 74 75 26 68 69 65 66 109 110 111 18 56 57 53 54 97 98 99 47 48 91 92 93 88 89 90 132 133 134 36 37 79 80 81 76 77 78 121 122 123 70 71 72 115 116 117 112 113 114 151 152 153 58 59 60 103 104 105 100 101 102 143 144 145 94 95 96 138 139 140 135 136 137 163 164 19 82 83 84 127 128 129 124 125 126 159 160 11 118 119 120 156 157 8 154 155 7 168 38 39 106 107 108 148 149 4 146 147 3 167 27 28 141 142 2 166 22 23 165 20 21 61 62 130 131 1 162 14 15 161 12 13 49 50 158 9 10 43 44 40 41 85 150 5 6 32 33 29 30 73 24 25 67 64 16 17 55 52 46 35 
64 52 46 85 21 88 35 73 13 76 67 10 70 39 109 41 42 112 55 6 58 28 97 30 31 100 23 91 25 26 94 62 63 132 65 66 135 15 79 17 18 82 50 51 121 53 54 124 44 45 115 47 48 118 86 87 151 89 90 154 33 34 103 36 37 106 74 75 143 77 78 146 68 69 138 71 72 141 110 111 163 113 114 165 56 57 127 59 60 130 98 99 159 101 102 161 92 93 156 95 96 158 133 134 168 136 137 40 80 81 148 83 84 150 122 123 167 125 126 29 116 117 166 119 120 24 152 153 61 155 7 104 105 162 107 108 16 144 145 49 147 3 139 140 43 142 2 164 19 20 128 129 32 131 1 160 11 12 157 8 9 38 149 4 5 27 22 14 
65 53 47 86 88 89 36 74 76 77 68 70 71 109 110 42 112 113 56 58 59 97 98 31 100 101 91 92 26 94 95 63 132 133 66 135 136 79 80 18 82 83 51 121 122 54 124 125 45 115 116 48 118 119 87 151 152 90 154 155 34 103 104 37 106 107 75 143 144 78 146 147 69 138 139 72 141 142 111 163 164 114 165 20 57 127 128 60 130 131 99 159 160 102 161 12 93 156 157 96 158 9 134 168 38 137 40 41 81 148 149 84 150 5 123 167 27 126 29 30 117 166 22 120 24 25 153 61 62 7 64 105 162 14 108 16 17 145 49 50 3 52 140 43 44 2 46 19 85 21 129 32 33 1 35 11 73 13 8 67 10 39 4 55 6 28 23 15 
66 54 48 87 89 90 37 75 77 78 69 71 72 110 111 112 113 114 57 59 60 98 99 100 101 102 92 93 94 95 96 132 133 134 135 136 137 80 81 82 83 84 121 122 123 124 125 126 115 116 117 118 119 120 151 152 153 154 155 7 103 104 105 106 107 108 143 144 145 146 147 3 138 139 140 141 142 2 163 164 19 165 20 21 127 128 129 130 131 1 159 160 11 161 12 13 156 157 8 158 9 10 168 38 39 40 41 42 148 149 4 150 5 6 167 27 28 29 30 31 166 22 23 24 25 26 61 62 63 64 65 162 14 15 16 17 18 49 50 51 52 53 43 44 45 46 47 85 86 88 32 33 34 35 36 73 74 76 67 68 70 109 55 56 58 97 91 79 
67 55 85 46 23 91 73 35 15 79 64 39 109 10 70 44 45 115 52 28 97 6 58 33 34 103 21 88 62 63 132 25 26 94 68 69 138 13 76 50 51 121 17 18 82 56 57 127 41 42 112 86 87 151 47 48 118 92 93 156 30 31 100 74 75 143 36 37 106 80 81 148 65 66 135 110 111 163 71 72 141 116 117 166 53 54 124 98 99 159 59 60 130 104 105 162 89 90 154 133 134 168 95 96 158 139 140 43 77 78 146 122 123 167 83 84 150 128 129 32 113 114 165 152 153 61 119 120 24 157 8 101 102 161 144 145 49 107 108 16 149 4 136 137 40 164 19 142 2 22 125 126 29 160 11 131 1 14 155 7 38 9 147 3 27 5 20 12 
68 56 86 47 91 92 74 36 79 80 65 109 110 70 71 45 115 116 53 97 98 58 59 34 103 104 88 89 63 132 133 26 94 95 69 138 139 76 77 51 121 122 18 82 83 57 127 128 42 112 113 87 151 152 48 118 119 93 156 157 31 100 101 75 143 144 37 106 107 81 148 149 66 135 136 111 163 164 72 141 142 117 166 22 54 124 125 99 159 160 60 130 131 105 162 14 90 154 155 134 168 38 96 158 9 140 43 44 78 146 147 123 167 27 84 150 5 129 32 33 114 165 20 153 61 62 120 24 25 8 67 102 161 12 145 49 50 108 16 17 4 55 137 40 41 19 85 2 46 23 126 29 30 11 73 1 35 15 7 64 39 10 3 52 28 6 21 13 
69 57 87 48 92 93 75 37 80 81 66 110 111 71 72 115 116 117 54 98 99 59 60 103 104 105 89 90 132 133 134 94 95 96 138 139 140 77 78 121 122 123 82 83 84 127 128 129 112 113 114 151 152 153 118 119 120 156 157 8 100 101 102 143 144 145 106 107 108 148 149 4 135 136 137 163 164 19 141 142 2 166 22 23 124 125 126 159 160 11 130 131 1 162 14 15 154 155 7 168 38 39 158 9 10 43 44 45 146 147 3 167 27 28 150 5 6 32 33 34 165 20 21 61 62 63 24 25 26 67 68 161 12 13 49 50 51 16 17 18 55 56 40 41 42 85 86 46 47 91 29 30 31 73 74 35 36 79 64 65 109 70 52 53 97 58 88 76 
70 58 88 91 26 94 76 79 18 82 109 42 112 45 115 47 48 118 97 31 100 34 103 36 37 106 63 132 65 66 135 68 69 138 71 72 141 51 121 53 54 124 56 57 127 59 60 130 86 87 151 89 90 154 92 93 156 95 96 158 74 75 143 77 78 146 80 81 148 83 84 150 110 111 163 113 114 165 116 117 166 119 120 24 98 99 159 101 102 161 104 105 162 107 108 16 133 134 168 136 137 40 139 140 43 142 2 46 122 123 167 125 126 29 128 129 32 131 1 35 152 153 61 155 7 64 157 8 67 9 10 144 145 49 147 3 52 149 4 55 5 6 164 19 85 20 21 22 23 25 160 11 73 12 13 14 15 17 38 39 41 44 27 28 30 33 62 50 
